0 0 1 0 64
0 0 0 1 64
0 0 0 0 64
1 0 2 0 64
1 0 0 0 64
1 0 1 1 64
1 0 1 0 64
2 0 3 0 64
2 0 1 0 64
2 0 2 1 64
2 0 2 0 64
3 0 4 0 64
3 0 2 0 64
3 0 3 1 64
3 0 3 0 64
4 0 5 0 64
4 0 3 0 64
4 0 4 1 64
4 0 4 0 64
5 0 6 0 64
5 0 4 0 64
5 0 5 1 64
5 0 5 0 64
6 0 7 0 64
6 0 5 0 64
6 0 6 1 64
6 0 6 0 64
7 0 8 0 64
7 0 6 0 64
7 0 7 1 64
7 0 7 0 64
8 0 9 0 64
8 0 7 0 64
8 0 8 1 64
8 0 8 0 64
9 0 10 0 64
9 0 8 0 64
9 0 9 1 64
9 0 9 0 64
10 0 11 0 64
10 0 9 0 64
10 0 10 1 64
10 0 10 0 64
11 0 12 0 64
11 0 10 0 64
11 0 11 1 64
11 0 11 0 64
12 0 13 0 64
12 0 11 0 64
12 0 12 1 64
12 0 12 0 64
13 0 14 0 64
13 0 12 0 64
13 0 13 1 64
13 0 13 0 64
14 0 15 0 16
14 0 13 0 16
14 0 14 1 16
14 0 14 0 16
15 0 16 0 16
15 0 14 0 16
15 0 15 1 16
15 0 15 0 16
16 0 17 0 16
16 0 15 0 16
16 0 16 1 16
16 0 16 0 16
17 0 18 0 16
17 0 16 0 16
17 0 17 1 16
17 0 17 0 16
18 0 19 0 16
18 0 17 0 16
18 0 18 0 16
19 0 20 0 16
19 0 18 0 16
19 0 19 1 16
19 0 19 0 16
20 0 19 0 16
20 0 20 1 16
20 0 20 0 16
22 0 23 0 16
22 0 22 0 16
23 0 22 0 16
23 0 23 1 16
23 0 23 0 16
25 0 26 0 16
25 0 25 0 16
26 0 27 0 16
26 0 25 0 16
26 0 26 0 16
27 0 26 0 16
27 0 27 1 16
27 0 27 0 16
29 0 30 0 16
29 0 29 1 16
29 0 29 0 16
30 0 31 0 16
30 0 29 0 16
30 0 30 1 16
30 0 30 0 16
31 0 30 0 16
31 0 31 0 16
0 1 1 1 64
0 1 0 2 64
0 1 0 0 64
0 1 0 1 64
1 1 2 1 64
1 1 0 1 64
1 1 1 2 64
1 1 1 0 64
1 1 1 1 64
2 1 3 1 64
2 1 1 1 64
2 1 2 2 32
2 1 2 0 64
2 1 2 1 64
3 1 4 1 64
3 1 2 1 64
3 1 3 2 32
3 1 3 0 64
3 1 3 1 64
4 1 5 1 64
4 1 3 1 64
4 1 4 2 32
4 1 4 0 64
4 1 4 1 64
5 1 6 1 64
5 1 4 1 64
5 1 5 2 32
5 1 5 0 64
5 1 5 1 64
6 1 7 1 64
6 1 5 1 64
6 1 6 2 32
6 1 6 0 64
6 1 6 1 64
7 1 8 1 64
7 1 6 1 64
7 1 7 2 32
7 1 7 0 64
7 1 7 1 64
8 1 9 1 64
8 1 7 1 64
8 1 8 2 32
8 1 8 0 64
8 1 8 1 64
9 1 10 1 64
9 1 8 1 64
9 1 9 2 32
9 1 9 0 64
9 1 9 1 64
10 1 11 1 64
10 1 9 1 64
10 1 10 2 32
10 1 10 0 64
10 1 10 1 64
11 1 12 1 64
11 1 10 1 64
11 1 11 2 32
11 1 11 0 64
11 1 11 1 64
12 1 13 1 64
12 1 11 1 64
12 1 12 2 64
12 1 12 0 64
12 1 12 1 64
13 1 14 1 16
13 1 12 1 16
13 1 13 2 8
13 1 13 0 16
13 1 13 1 16
14 1 15 1 16
14 1 13 1 16
14 1 14 2 16
14 1 14 0 16
14 1 14 1 16
15 1 16 1 16
15 1 14 1 16
15 1 15 2 16
15 1 15 0 16
15 1 15 1 16
16 1 17 1 16
16 1 15 1 16
16 1 16 0 16
16 1 16 1 16
17 1 16 1 16
17 1 17 0 16
17 1 17 1 16
19 1 20 1 16
19 1 19 0 16
19 1 19 1 16
20 1 21 1 16
20 1 19 1 16
20 1 20 0 16
20 1 20 1 16
21 1 20 1 16
21 1 21 2 16
21 1 21 1 16
23 1 24 1 16
23 1 23 2 16
23 1 23 0 16
23 1 23 1 16
24 1 23 1 16
24 1 24 2 16
24 1 24 1 16
27 1 27 2 16
27 1 27 0 16
27 1 27 1 16
29 1 30 1 16
29 1 29 2 16
29 1 29 0 16
29 1 29 1 16
30 1 29 1 16
30 1 30 2 16
30 1 30 0 16
30 1 30 1 16
0 2 1 2 64
0 2 0 3 64
0 2 0 1 64
0 2 0 2 64
1 2 2 2 32
1 2 0 2 64
1 2 1 3 64
1 2 1 1 64
1 2 1 2 64
2 2 3 2 32
2 2 1 2 32
2 2 2 3 32
2 2 2 1 32
2 2 2 2 32
3 2 4 2 32
3 2 2 2 32
3 2 3 3 32
3 2 3 1 32
3 2 3 2 32
4 2 5 2 32
4 2 3 2 32
4 2 4 3 32
4 2 4 1 32
4 2 4 2 32
5 2 6 2 32
5 2 4 2 32
5 2 5 3 32
5 2 5 1 32
5 2 5 2 32
6 2 7 2 32
6 2 5 2 32
6 2 6 3 32
6 2 6 1 32
6 2 6 2 32
7 2 8 2 32
7 2 6 2 32
7 2 7 3 32
7 2 7 1 32
7 2 7 2 32
8 2 9 2 32
8 2 7 2 32
8 2 8 3 32
8 2 8 1 32
8 2 8 2 32
9 2 10 2 32
9 2 8 2 32
9 2 9 3 32
9 2 9 1 32
9 2 9 2 32
10 2 11 2 32
10 2 9 2 32
10 2 10 3 32
10 2 10 1 32
10 2 10 2 32
11 2 12 2 32
11 2 10 2 32
11 2 11 3 32
11 2 11 1 32
11 2 11 2 32
12 2 13 2 8
12 2 11 2 8
12 2 12 3 16
12 2 12 1 16
12 2 12 2 16
13 2 14 2 8
13 2 12 2 8
13 2 13 3 8
13 2 13 1 8
13 2 13 2 8
14 2 15 2 16
14 2 13 2 8
14 2 14 3 8
14 2 14 1 16
14 2 14 2 16
15 2 14 2 16
15 2 15 3 16
15 2 15 1 16
15 2 15 2 16
18 2 18 3 16
18 2 18 2 16
21 2 22 2 16
21 2 21 3 16
21 2 21 1 16
21 2 21 2 16
22 2 23 2 16
22 2 21 2 16
22 2 22 3 16
22 2 22 2 16
23 2 24 2 16
23 2 22 2 16
23 2 23 3 16
23 2 23 1 16
23 2 23 2 16
24 2 25 2 16
24 2 23 2 16
24 2 24 3 8
24 2 24 1 16
24 2 24 2 16
25 2 26 2 16
25 2 24 2 16
25 2 25 3 16
25 2 25 2 16
26 2 27 2 16
26 2 25 2 16
26 2 26 3 16
26 2 26 2 16
27 2 28 2 16
27 2 26 2 16
27 2 27 3 16
27 2 27 1 16
27 2 27 2 16
28 2 29 2 16
28 2 27 2 16
28 2 28 3 16
28 2 28 2 16
29 2 30 2 16
29 2 28 2 16
29 2 29 3 16
29 2 29 1 16
29 2 29 2 16
30 2 29 2 16
30 2 30 1 16
30 2 30 2 16
0 3 1 3 64
0 3 0 4 64
0 3 0 2 64
0 3 0 3 64
1 3 2 3 32
1 3 0 3 64
1 3 1 4 64
1 3 1 2 64
1 3 1 3 64
2 3 3 3 32
2 3 1 3 32
2 3 2 4 32
2 3 2 2 32
2 3 2 3 32
3 3 4 3 32
3 3 2 3 32
3 3 3 4 32
3 3 3 2 32
3 3 3 3 32
4 3 5 3 32
4 3 3 3 32
4 3 4 4 16
4 3 4 2 32
4 3 4 3 32
5 3 6 3 32
5 3 4 3 32
5 3 5 4 16
5 3 5 2 32
5 3 5 3 32
6 3 7 3 32
6 3 5 3 32
6 3 6 4 16
6 3 6 2 32
6 3 6 3 32
7 3 8 3 32
7 3 6 3 32
7 3 7 4 16
7 3 7 2 32
7 3 7 3 32
8 3 9 3 32
8 3 7 3 32
8 3 8 4 32
8 3 8 2 32
8 3 8 3 32
9 3 10 3 32
9 3 8 3 32
9 3 9 4 32
9 3 9 2 32
9 3 9 3 32
10 3 11 3 32
10 3 9 3 32
10 3 10 4 32
10 3 10 2 32
10 3 10 3 32
11 3 12 3 64
11 3 10 3 32
11 3 11 4 64
11 3 11 2 32
11 3 11 3 64
12 3 13 3 16
12 3 11 3 16
12 3 12 2 16
12 3 12 3 16
13 3 14 3 8
13 3 12 3 16
13 3 13 4 16
13 3 13 2 8
13 3 13 3 16
14 3 15 3 8
14 3 13 3 8
14 3 14 4 8
14 3 14 2 8
14 3 14 3 8
15 3 16 3 16
15 3 14 3 8
15 3 15 4 8
15 3 15 2 16
15 3 15 3 16
16 3 17 3 16
16 3 15 3 16
16 3 16 4 16
16 3 16 3 16
17 3 18 3 16
17 3 16 3 16
17 3 17 4 16
17 3 17 3 16
18 3 19 3 16
18 3 17 3 16
18 3 18 4 16
18 3 18 2 16
18 3 18 3 16
19 3 20 3 16
19 3 18 3 16
19 3 19 4 16
19 3 19 3 16
20 3 21 3 16
20 3 19 3 16
20 3 20 3 16
21 3 22 3 16
21 3 20 3 16
21 3 21 4 16
21 3 21 2 16
21 3 21 3 16
22 3 23 3 16
22 3 21 3 16
22 3 22 2 16
22 3 22 3 16
23 3 24 3 8
23 3 22 3 16
23 3 23 4 16
23 3 23 2 16
23 3 23 3 16
24 3 25 3 8
24 3 23 3 8
24 3 24 4 8
24 3 24 2 8
24 3 24 3 8
25 3 26 3 16
25 3 24 3 8
25 3 25 4 16
25 3 25 2 16
25 3 25 3 16
26 3 27 3 16
26 3 25 3 16
26 3 26 2 16
26 3 26 3 16
27 3 28 3 16
27 3 26 3 16
27 3 27 4 16
27 3 27 2 16
27 3 27 3 16
28 3 29 3 16
28 3 27 3 16
28 3 28 4 16
28 3 28 2 16
28 3 28 3 16
29 3 28 3 16
29 3 29 4 16
29 3 29 2 16
29 3 29 3 16
31 3 31 4 16
31 3 31 3 16
0 4 1 4 64
0 4 0 5 64
0 4 0 3 64
0 4 0 4 64
1 4 2 4 32
1 4 0 4 64
1 4 1 5 64
1 4 1 3 64
1 4 1 4 64
2 4 3 4 32
2 4 1 4 32
2 4 2 5 32
2 4 2 3 32
2 4 2 4 32
3 4 4 4 16
3 4 2 4 32
3 4 3 5 32
3 4 3 3 32
3 4 3 4 32
4 4 5 4 16
4 4 3 4 16
4 4 4 5 16
4 4 4 3 16
4 4 4 4 16
5 4 6 4 16
5 4 4 4 16
5 4 5 5 16
5 4 5 3 16
5 4 5 4 16
6 4 7 4 16
6 4 5 4 16
6 4 6 5 16
6 4 6 3 16
6 4 6 4 16
7 4 8 4 16
7 4 6 4 16
7 4 7 5 16
7 4 7 3 16
7 4 7 4 16
8 4 9 4 32
8 4 7 4 16
8 4 8 5 16
8 4 8 3 32
8 4 8 4 32
9 4 10 4 32
9 4 8 4 32
9 4 9 5 32
9 4 9 3 32
9 4 9 4 32
10 4 11 4 64
10 4 9 4 32
10 4 10 5 32
10 4 10 3 32
10 4 10 4 64
11 4 10 4 16
11 4 11 5 16
11 4 11 3 16
11 4 11 4 16
13 4 14 4 16
13 4 13 3 16
13 4 13 4 16
14 4 15 4 8
14 4 13 4 16
14 4 14 5 16
14 4 14 3 8
14 4 14 4 16
15 4 16 4 8
15 4 14 4 8
15 4 15 5 8
15 4 15 3 8
15 4 15 4 8
16 4 17 4 16
16 4 15 4 8
16 4 16 5 8
16 4 16 3 16
16 4 16 4 16
17 4 18 4 16
17 4 16 4 16
17 4 17 5 8
17 4 17 3 16
17 4 17 4 16
18 4 19 4 16
18 4 17 4 16
18 4 18 5 16
18 4 18 3 16
18 4 18 4 16
19 4 18 4 16
19 4 19 5 16
19 4 19 3 16
19 4 19 4 16
21 4 21 5 16
21 4 21 3 16
21 4 21 4 16
23 4 24 4 16
23 4 23 5 16
23 4 23 3 16
23 4 23 4 16
24 4 25 4 16
24 4 23 4 16
24 4 24 5 16
24 4 24 3 8
24 4 24 4 16
25 4 24 4 16
25 4 25 3 16
25 4 25 4 16
27 4 28 4 16
27 4 27 5 16
27 4 27 3 16
27 4 27 4 16
28 4 29 4 16
28 4 27 4 16
28 4 28 5 16
28 4 28 3 16
28 4 28 4 16
29 4 30 4 16
29 4 28 4 16
29 4 29 5 8
29 4 29 3 16
29 4 29 4 16
30 4 31 4 16
30 4 29 4 16
30 4 30 5 16
30 4 30 4 16
31 4 30 4 16
31 4 31 5 16
31 4 31 3 16
31 4 31 4 16
0 5 1 5 64
0 5 0 6 64
0 5 0 4 64
0 5 0 5 64
1 5 2 5 32
1 5 0 5 64
1 5 1 6 64
1 5 1 4 64
1 5 1 5 64
2 5 3 5 32
2 5 1 5 32
2 5 2 6 32
2 5 2 4 32
2 5 2 5 32
3 5 4 5 16
3 5 2 5 32
3 5 3 6 32
3 5 3 4 32
3 5 3 5 32
4 5 5 5 16
4 5 3 5 16
4 5 4 6 16
4 5 4 4 16
4 5 4 5 16
5 5 6 5 16
5 5 4 5 16
5 5 5 6 16
5 5 5 4 16
5 5 5 5 16
6 5 7 5 16
6 5 5 5 16
6 5 6 6 16
6 5 6 4 16
6 5 6 5 16
7 5 8 5 16
7 5 6 5 16
7 5 7 6 16
7 5 7 4 16
7 5 7 5 16
8 5 9 5 16
8 5 7 5 16
8 5 8 6 16
8 5 8 4 16
8 5 8 5 16
9 5 10 5 32
9 5 8 5 16
9 5 9 6 32
9 5 9 4 32
9 5 9 5 32
10 5 11 5 32
10 5 9 5 32
10 5 10 6 32
10 5 10 4 32
10 5 10 5 32
11 5 12 5 16
11 5 10 5 8
11 5 11 6 16
11 5 11 4 16
11 5 11 5 16
12 5 11 5 64
12 5 12 5 64
14 5 15 5 16
14 5 14 6 16
14 5 14 4 16
14 5 14 5 16
15 5 16 5 8
15 5 14 5 16
15 5 15 6 8
15 5 15 4 8
15 5 15 5 16
16 5 17 5 8
16 5 15 5 8
16 5 16 6 8
16 5 16 4 8
16 5 16 5 8
17 5 18 5 8
17 5 16 5 8
17 5 17 6 8
17 5 17 4 8
17 5 17 5 8
18 5 19 5 16
18 5 17 5 8
18 5 18 6 16
18 5 18 4 16
18 5 18 5 16
19 5 20 5 16
19 5 18 5 16
19 5 19 6 16
19 5 19 4 16
19 5 19 5 16
20 5 21 5 16
20 5 19 5 16
20 5 20 6 16
20 5 20 5 16
21 5 22 5 16
21 5 20 5 16
21 5 21 4 16
21 5 21 5 16
22 5 23 5 16
22 5 21 5 16
22 5 22 6 16
22 5 22 5 16
23 5 24 5 16
23 5 22 5 16
23 5 23 6 16
23 5 23 4 16
23 5 23 5 16
24 5 23 5 16
24 5 24 6 16
24 5 24 4 16
24 5 24 5 16
27 5 28 5 16
27 5 27 6 16
27 5 27 4 16
27 5 27 5 16
28 5 29 5 8
28 5 27 5 16
28 5 28 6 8
28 5 28 4 16
28 5 28 5 16
29 5 30 5 8
29 5 28 5 8
29 5 29 6 8
29 5 29 4 8
29 5 29 5 8
30 5 31 5 16
30 5 29 5 8
30 5 30 6 16
30 5 30 4 16
30 5 30 5 16
31 5 30 5 16
31 5 31 6 16
31 5 31 4 16
31 5 31 5 16
0 6 1 6 64
0 6 0 7 64
0 6 0 5 64
0 6 0 6 64
1 6 2 6 32
1 6 0 6 64
1 6 1 7 64
1 6 1 5 64
1 6 1 6 64
2 6 3 6 32
2 6 1 6 32
2 6 2 7 32
2 6 2 5 32
2 6 2 6 32
3 6 4 6 16
3 6 2 6 32
3 6 3 7 32
3 6 3 5 32
3 6 3 6 32
4 6 5 6 16
4 6 3 6 16
4 6 4 7 16
4 6 4 5 16
4 6 4 6 16
5 6 6 6 16
5 6 4 6 16
5 6 5 7 16
5 6 5 5 16
5 6 5 6 16
6 6 7 6 16
6 6 5 6 16
6 6 6 7 8
6 6 6 5 16
6 6 6 6 16
7 6 8 6 16
7 6 6 6 16
7 6 7 7 16
7 6 7 5 16
7 6 7 6 16
8 6 9 6 32
8 6 7 6 16
8 6 8 7 16
8 6 8 5 16
8 6 8 6 32
9 6 10 6 32
9 6 8 6 32
9 6 9 7 32
9 6 9 5 32
9 6 9 6 32
10 6 11 6 64
10 6 9 6 32
10 6 10 7 32
10 6 10 5 32
10 6 10 6 64
11 6 10 6 16
11 6 11 7 16
11 6 11 5 16
11 6 11 6 16
13 6 14 6 16
13 6 13 7 16
13 6 13 6 16
14 6 15 6 8
14 6 13 6 16
14 6 14 7 8
14 6 14 5 16
14 6 14 6 16
15 6 16 6 8
15 6 14 6 8
15 6 15 7 8
15 6 15 5 8
15 6 15 6 8
16 6 17 6 8
16 6 15 6 8
16 6 16 7 8
16 6 16 5 8
16 6 16 6 8
17 6 18 6 16
17 6 16 6 8
17 6 17 7 16
17 6 17 5 8
17 6 17 6 16
18 6 19 6 16
18 6 17 6 16
18 6 18 5 16
18 6 18 6 16
19 6 20 6 16
19 6 18 6 16
19 6 19 7 16
19 6 19 5 16
19 6 19 6 16
20 6 19 6 16
20 6 20 7 16
20 6 20 5 16
20 6 20 6 16
22 6 23 6 16
22 6 22 7 16
22 6 22 5 16
22 6 22 6 16
23 6 24 6 16
23 6 22 6 16
23 6 23 7 16
23 6 23 5 16
23 6 23 6 16
24 6 25 6 16
24 6 23 6 16
24 6 24 7 16
24 6 24 5 16
24 6 24 6 16
25 6 26 6 16
25 6 24 6 16
25 6 25 7 16
25 6 25 6 16
26 6 27 6 16
26 6 25 6 16
26 6 26 7 16
26 6 26 6 16
27 6 28 6 8
27 6 26 6 16
27 6 27 7 8
27 6 27 5 16
27 6 27 6 16
28 6 29 6 8
28 6 27 6 8
28 6 28 7 8
28 6 28 5 8
28 6 28 6 8
29 6 30 6 16
29 6 28 6 8
29 6 29 7 16
29 6 29 5 8
29 6 29 6 16
30 6 31 6 16
30 6 29 6 16
30 6 30 5 16
30 6 30 6 16
31 6 30 6 16
31 6 31 7 16
31 6 31 5 16
31 6 31 6 16
0 7 1 7 64
0 7 0 8 64
0 7 0 6 64
0 7 0 7 64
1 7 2 7 32
1 7 0 7 64
1 7 1 8 64
1 7 1 6 64
1 7 1 7 64
2 7 3 7 32
2 7 1 7 32
2 7 2 8 32
2 7 2 6 32
2 7 2 7 32
3 7 4 7 16
3 7 2 7 32
3 7 3 8 32
3 7 3 6 32
3 7 3 7 32
4 7 5 7 16
4 7 3 7 16
4 7 4 8 16
4 7 4 6 16
4 7 4 7 16
5 7 6 7 8
5 7 4 7 16
5 7 5 8 16
5 7 5 6 16
5 7 5 7 16
6 7 7 7 8
6 7 5 7 8
6 7 6 8 8
6 7 6 6 8
6 7 6 7 8
7 7 8 7 16
7 7 6 7 8
7 7 7 8 8
7 7 7 6 16
7 7 7 7 16
8 7 9 7 16
8 7 7 7 16
8 7 8 8 16
8 7 8 6 16
8 7 8 7 16
9 7 10 7 32
9 7 8 7 16
9 7 9 8 16
9 7 9 6 32
9 7 9 7 32
10 7 11 7 32
10 7 9 7 32
10 7 10 8 32
10 7 10 6 32
10 7 10 7 32
11 7 12 7 16
11 7 10 7 8
11 7 11 8 8
11 7 11 6 16
11 7 11 7 16
12 7 13 7 16
12 7 11 7 16
12 7 12 8 16
12 7 12 7 16
13 7 14 7 32
13 7 12 7 64
13 7 13 8 32
13 7 13 6 64
13 7 13 7 64
14 7 15 7 8
14 7 13 7 8
14 7 14 8 8
14 7 14 6 8
14 7 14 7 8
15 7 16 7 8
15 7 14 7 8
15 7 15 8 8
15 7 15 6 8
15 7 15 7 8
16 7 17 7 16
16 7 15 7 8
16 7 16 8 16
16 7 16 6 8
16 7 16 7 16
17 7 16 7 16
17 7 17 8 16
17 7 17 6 16
17 7 17 7 16
19 7 20 7 16
19 7 19 6 16
19 7 19 7 16
20 7 21 7 16
20 7 19 7 16
20 7 20 8 16
20 7 20 6 16
20 7 20 7 16
21 7 22 7 16
21 7 20 7 16
21 7 21 8 16
21 7 21 7 16
22 7 23 7 16
22 7 21 7 16
22 7 22 8 16
22 7 22 6 16
22 7 22 7 16
23 7 24 7 16
23 7 22 7 16
23 7 23 8 16
23 7 23 6 16
23 7 23 7 16
24 7 25 7 16
24 7 23 7 16
24 7 24 6 16
24 7 24 7 16
25 7 26 7 16
25 7 24 7 16
25 7 25 8 16
25 7 25 6 16
25 7 25 7 16
26 7 27 7 8
26 7 25 7 16
26 7 26 8 16
26 7 26 6 16
26 7 26 7 16
27 7 28 7 8
27 7 26 7 8
27 7 27 8 8
27 7 27 6 8
27 7 27 7 8
28 7 29 7 16
28 7 27 7 8
28 7 28 8 16
28 7 28 6 8
28 7 28 7 16
29 7 28 7 16
29 7 29 8 16
29 7 29 6 16
29 7 29 7 16
31 7 31 8 16
31 7 31 6 16
31 7 31 7 16
0 8 1 8 64
0 8 0 9 64
0 8 0 7 64
0 8 0 8 64
1 8 2 8 32
1 8 0 8 64
1 8 1 9 64
1 8 1 7 64
1 8 1 8 64
2 8 3 8 32
2 8 1 8 32
2 8 2 9 32
2 8 2 7 32
2 8 2 8 32
3 8 4 8 16
3 8 2 8 32
3 8 3 9 32
3 8 3 7 32
3 8 3 8 32
4 8 5 8 16
4 8 3 8 16
4 8 4 9 16
4 8 4 7 16
4 8 4 8 16
5 8 6 8 8
5 8 4 8 16
5 8 5 9 16
5 8 5 7 16
5 8 5 8 16
6 8 7 8 8
6 8 5 8 8
6 8 6 9 8
6 8 6 7 8
6 8 6 8 8
7 8 8 8 8
7 8 6 8 8
7 8 7 9 8
7 8 7 7 8
7 8 7 8 8
8 8 9 8 16
8 8 7 8 8
8 8 8 9 8
8 8 8 7 16
8 8 8 8 16
9 8 10 8 16
9 8 8 8 16
9 8 9 9 16
9 8 9 7 16
9 8 9 8 16
10 8 11 8 8
10 8 9 8 4
10 8 10 9 4
10 8 10 7 8
10 8 10 8 8
11 8 12 8 8
11 8 10 8 8
11 8 11 9 8
11 8 11 7 8
11 8 11 8 8
12 8 13 8 8
12 8 11 8 8
12 8 12 9 8
12 8 12 7 16
12 8 12 8 16
13 8 14 8 8
13 8 12 8 8
13 8 13 9 8
13 8 13 7 8
13 8 13 8 8
14 8 15 8 32
14 8 13 8 32
14 8 14 9 64
14 8 14 7 32
14 8 14 8 64
15 8 16 8 8
15 8 14 8 8
15 8 15 9 8
15 8 15 7 8
15 8 15 8 8
16 8 17 8 16
16 8 15 8 8
16 8 16 9 16
16 8 16 7 16
16 8 16 8 16
17 8 18 8 16
17 8 16 8 16
17 8 17 7 16
17 8 17 8 16
18 8 17 8 16
18 8 18 8 16
20 8 21 8 16
20 8 20 9 16
20 8 20 7 16
20 8 20 8 16
21 8 22 8 16
21 8 20 8 16
21 8 21 7 16
21 8 21 8 16
22 8 23 8 16
22 8 21 8 16
22 8 22 9 16
22 8 22 7 16
22 8 22 8 16
23 8 22 8 16
23 8 23 9 16
23 8 23 7 16
23 8 23 8 16
25 8 26 8 16
25 8 25 9 16
25 8 25 7 16
25 8 25 8 16
26 8 27 8 8
26 8 25 8 16
26 8 26 9 16
26 8 26 7 16
26 8 26 8 16
27 8 28 8 8
27 8 26 8 8
27 8 27 9 8
27 8 27 7 8
27 8 27 8 8
28 8 29 8 16
28 8 27 8 8
28 8 28 9 16
28 8 28 7 16
28 8 28 8 16
29 8 30 8 16
29 8 28 8 16
29 8 29 7 16
29 8 29 8 16
30 8 31 8 16
30 8 29 8 16
30 8 30 8 16
31 8 30 8 16
31 8 31 9 16
31 8 31 7 16
31 8 31 8 16
0 9 1 9 64
0 9 0 10 64
0 9 0 8 64
0 9 0 9 64
1 9 2 9 32
1 9 0 9 64
1 9 1 10 64
1 9 1 8 64
1 9 1 9 64
2 9 3 9 32
2 9 1 9 32
2 9 2 10 32
2 9 2 8 32
2 9 2 9 32
3 9 4 9 16
3 9 2 9 32
3 9 3 10 32
3 9 3 8 32
3 9 3 9 32
4 9 5 9 16
4 9 3 9 16
4 9 4 10 16
4 9 4 8 16
4 9 4 9 16
5 9 6 9 8
5 9 4 9 16
5 9 5 10 16
5 9 5 8 16
5 9 5 9 16
6 9 7 9 8
6 9 5 9 8
6 9 6 10 8
6 9 6 8 8
6 9 6 9 8
7 9 8 9 8
7 9 6 9 8
7 9 7 10 8
7 9 7 8 8
7 9 7 9 8
8 9 9 9 8
8 9 7 9 8
8 9 8 10 8
8 9 8 8 8
8 9 8 9 8
9 9 10 9 16
9 9 8 9 8
9 9 9 10 16
9 9 9 8 16
9 9 9 9 16
10 9 11 9 4
10 9 9 9 4
10 9 10 10 4
10 9 10 8 4
10 9 10 9 4
11 9 12 9 8
11 9 10 9 4
11 9 11 10 8
11 9 11 8 8
11 9 11 9 8
12 9 13 9 32
12 9 11 9 32
12 9 12 10 32
12 9 12 8 32
12 9 12 9 32
13 9 14 9 16
13 9 12 9 8
13 9 13 10 16
13 9 13 8 8
13 9 13 9 16
14 9 15 9 16
14 9 13 9 16
14 9 14 8 16
14 9 14 9 16
15 9 16 9 16
15 9 14 9 16
15 9 15 10 16
15 9 15 8 8
15 9 15 9 16
16 9 15 9 16
16 9 16 10 16
16 9 16 8 16
16 9 16 9 16
19 9 20 9 16
19 9 19 10 16
19 9 19 9 16
20 9 19 9 16
20 9 20 10 16
20 9 20 8 16
20 9 20 9 16
22 9 23 9 16
22 9 22 10 16
22 9 22 8 16
22 9 22 9 16
23 9 24 9 16
23 9 22 9 16
23 9 23 10 16
23 9 23 8 16
23 9 23 9 16
24 9 25 9 16
24 9 23 9 16
24 9 24 10 16
24 9 24 9 16
25 9 26 9 16
25 9 24 9 16
25 9 25 10 16
25 9 25 8 16
25 9 25 9 16
26 9 27 9 16
26 9 25 9 16
26 9 26 10 16
26 9 26 8 16
26 9 26 9 16
27 9 28 9 16
27 9 26 9 16
27 9 27 10 16
27 9 27 8 8
27 9 27 9 16
28 9 27 9 16
28 9 28 10 16
28 9 28 8 16
28 9 28 9 16
31 9 31 10 16
31 9 31 8 16
31 9 31 9 16
0 10 1 10 64
0 10 0 11 64
0 10 0 9 64
0 10 0 10 64
1 10 2 10 32
1 10 0 10 64
1 10 1 11 64
1 10 1 9 64
1 10 1 10 64
2 10 3 10 32
2 10 1 10 32
2 10 2 11 32
2 10 2 9 32
2 10 2 10 32
3 10 4 10 16
3 10 2 10 32
3 10 3 11 32
3 10 3 9 32
3 10 3 10 32
4 10 5 10 16
4 10 3 10 16
4 10 4 11 16
4 10 4 9 16
4 10 4 10 16
5 10 6 10 8
5 10 4 10 16
5 10 5 11 16
5 10 5 9 16
5 10 5 10 16
6 10 7 10 8
6 10 5 10 8
6 10 6 11 8
6 10 6 9 8
6 10 6 10 8
7 10 8 10 8
7 10 6 10 8
7 10 7 11 8
7 10 7 9 8
7 10 7 10 8
8 10 9 10 16
8 10 7 10 8
8 10 8 11 8
8 10 8 9 8
8 10 8 10 16
9 10 10 10 16
9 10 8 10 16
9 10 9 11 16
9 10 9 9 16
9 10 9 10 16
10 10 11 10 32
10 10 9 10 16
10 10 10 11 16
10 10 10 9 16
10 10 10 10 32
11 10 12 10 8
11 10 10 10 8
11 10 11 11 8
11 10 11 9 8
11 10 11 10 8
12 10 13 10 16
12 10 11 10 8
12 10 12 11 8
12 10 12 9 8
12 10 12 10 16
13 10 12 10 16
13 10 13 11 16
13 10 13 9 16
13 10 13 10 16
15 10 16 10 16
15 10 15 11 16
15 10 15 9 16
15 10 15 10 16
16 10 17 10 16
16 10 15 10 16
16 10 16 11 8
16 10 16 9 16
16 10 16 10 16
17 10 18 10 16
17 10 16 10 16
17 10 17 11 16
17 10 17 10 16
18 10 19 10 16
18 10 17 10 16
18 10 18 11 16
18 10 18 10 16
19 10 20 10 16
19 10 18 10 16
19 10 19 11 16
19 10 19 9 16
19 10 19 10 16
20 10 21 10 16
20 10 19 10 16
20 10 20 11 16
20 10 20 9 16
20 10 20 10 16
21 10 22 10 16
21 10 20 10 16
21 10 21 10 16
22 10 23 10 16
22 10 21 10 16
22 10 22 11 16
22 10 22 9 16
22 10 22 10 16
23 10 24 10 16
23 10 22 10 16
23 10 23 11 16
23 10 23 9 16
23 10 23 10 16
24 10 25 10 16
24 10 23 10 16
24 10 24 9 16
24 10 24 10 16
25 10 26 10 16
25 10 24 10 16
25 10 25 11 16
25 10 25 9 16
25 10 25 10 16
26 10 27 10 16
26 10 25 10 16
26 10 26 9 16
26 10 26 10 16
27 10 28 10 16
27 10 26 10 16
27 10 27 11 16
27 10 27 9 16
27 10 27 10 16
28 10 29 10 16
28 10 27 10 16
28 10 28 11 16
28 10 28 9 16
28 10 28 10 16
29 10 30 10 16
29 10 28 10 16
29 10 29 11 16
29 10 29 10 16
30 10 31 10 16
30 10 29 10 16
30 10 30 11 16
30 10 30 10 16
31 10 30 10 16
31 10 31 9 16
31 10 31 10 16
0 11 1 11 64
0 11 0 12 64
0 11 0 10 64
0 11 0 11 64
1 11 2 11 32
1 11 0 11 64
1 11 1 12 64
1 11 1 10 64
1 11 1 11 64
2 11 3 11 32
2 11 1 11 32
2 11 2 12 32
2 11 2 10 32
2 11 2 11 32
3 11 4 11 16
3 11 2 11 32
3 11 3 12 32
3 11 3 10 32
3 11 3 11 32
4 11 5 11 16
4 11 3 11 16
4 11 4 12 16
4 11 4 10 16
4 11 4 11 16
5 11 6 11 8
5 11 4 11 16
5 11 5 12 16
5 11 5 10 16
5 11 5 11 16
6 11 7 11 8
6 11 5 11 8
6 11 6 12 8
6 11 6 10 8
6 11 6 11 8
7 11 8 11 8
7 11 6 11 8
7 11 7 12 8
7 11 7 10 8
7 11 7 11 8
8 11 9 11 8
8 11 7 11 8
8 11 8 12 8
8 11 8 10 8
8 11 8 11 8
9 11 10 11 16
9 11 8 11 8
9 11 9 12 16
9 11 9 10 16
9 11 9 11 16
10 11 11 11 16
10 11 9 11 16
10 11 10 12 16
10 11 10 10 16
10 11 10 11 16
11 11 12 11 8
11 11 10 11 4
11 11 11 12 8
11 11 11 10 8
11 11 11 11 8
12 11 13 11 8
12 11 11 11 8
12 11 12 12 8
12 11 12 10 8
12 11 12 11 8
13 11 14 11 16
13 11 12 11 8
13 11 13 12 8
13 11 13 10 16
13 11 13 11 16
14 11 15 11 16
14 11 13 11 16
14 11 14 12 16
14 11 14 11 16
15 11 16 11 8
15 11 14 11 16
15 11 15 12 8
15 11 15 10 16
15 11 15 11 16
16 11 17 11 8
16 11 15 11 8
16 11 16 12 8
16 11 16 10 8
16 11 16 11 8
17 11 18 11 16
17 11 16 11 8
17 11 17 12 8
17 11 17 10 16
17 11 17 11 16
18 11 19 11 16
18 11 17 11 16
18 11 18 12 8
18 11 18 10 16
18 11 18 11 16
19 11 20 11 16
19 11 18 11 16
19 11 19 12 8
19 11 19 10 16
19 11 19 11 16
20 11 19 11 16
20 11 20 12 16
20 11 20 10 16
20 11 20 11 16
22 11 23 11 16
22 11 22 10 16
22 11 22 11 16
23 11 22 11 16
23 11 23 12 16
23 11 23 10 16
23 11 23 11 16
25 11 25 12 16
25 11 25 10 16
25 11 25 11 16
27 11 28 11 16
27 11 27 12 16
27 11 27 10 16
27 11 27 11 16
28 11 29 11 16
28 11 27 11 16
28 11 28 12 16
28 11 28 10 16
28 11 28 11 16
29 11 30 11 16
29 11 28 11 16
29 11 29 12 16
29 11 29 10 16
29 11 29 11 16
30 11 29 11 16
30 11 30 12 16
30 11 30 10 16
30 11 30 11 16
0 12 1 12 64
0 12 0 13 64
0 12 0 11 64
0 12 0 12 64
1 12 2 12 32
1 12 0 12 64
1 12 1 13 64
1 12 1 11 64
1 12 1 12 64
2 12 3 12 32
2 12 1 12 32
2 12 2 13 32
2 12 2 11 32
2 12 2 12 32
3 12 4 12 16
3 12 2 12 32
3 12 3 13 32
3 12 3 11 32
3 12 3 12 32
4 12 5 12 16
4 12 3 12 16
4 12 4 13 16
4 12 4 11 16
4 12 4 12 16
5 12 6 12 8
5 12 4 12 16
5 12 5 13 16
5 12 5 11 16
5 12 5 12 16
6 12 7 12 8
6 12 5 12 8
6 12 6 13 8
6 12 6 11 8
6 12 6 12 8
7 12 8 12 8
7 12 6 12 8
7 12 7 13 8
7 12 7 11 8
7 12 7 12 8
8 12 9 12 16
8 12 7 12 8
8 12 8 13 16
8 12 8 11 8
8 12 8 12 16
9 12 10 12 16
9 12 8 12 16
9 12 9 13 16
9 12 9 11 16
9 12 9 12 16
10 12 11 12 32
10 12 9 12 16
10 12 10 13 32
10 12 10 11 16
10 12 10 12 32
11 12 12 12 8
11 12 10 12 8
11 12 11 13 8
11 12 11 11 8
11 12 11 12 8
12 12 13 12 8
12 12 11 12 8
12 12 12 13 16
12 12 12 11 8
12 12 12 12 16
13 12 14 12 8
13 12 12 12 8
13 12 13 13 8
13 12 13 11 8
13 12 13 12 8
14 12 15 12 8
14 12 13 12 8
14 12 14 13 8
14 12 14 11 16
14 12 14 12 16
15 12 16 12 8
15 12 14 12 8
15 12 15 13 8
15 12 15 11 8
15 12 15 12 8
16 12 17 12 8
16 12 15 12 8
16 12 16 13 16
16 12 16 11 8
16 12 16 12 16
17 12 18 12 8
17 12 16 12 8
17 12 17 13 8
17 12 17 11 8
17 12 17 12 8
18 12 19 12 8
18 12 17 12 8
18 12 18 13 8
18 12 18 11 8
18 12 18 12 8
19 12 20 12 8
19 12 18 12 8
19 12 19 13 8
19 12 19 11 8
19 12 19 12 8
20 12 21 12 16
20 12 19 12 8
20 12 20 13 8
20 12 20 11 16
20 12 20 12 16
21 12 20 12 16
21 12 21 13 16
21 12 21 12 16
23 12 24 12 16
23 12 23 13 16
23 12 23 11 16
23 12 23 12 16
24 12 25 12 16
24 12 23 12 16
24 12 24 13 16
24 12 24 12 16
25 12 26 12 16
25 12 24 12 16
25 12 25 13 16
25 12 25 11 16
25 12 25 12 16
26 12 27 12 16
26 12 25 12 16
26 12 26 13 16
26 12 26 12 16
27 12 28 12 16
27 12 26 12 16
27 12 27 13 16
27 12 27 11 16
27 12 27 12 16
28 12 29 12 16
28 12 27 12 16
28 12 28 13 16
28 12 28 11 16
28 12 28 12 16
29 12 30 12 16
29 12 28 12 16
29 12 29 11 16
29 12 29 12 16
30 12 31 12 16
30 12 29 12 16
30 12 30 13 16
30 12 30 11 16
30 12 30 12 16
31 12 30 12 16
31 12 31 13 16
31 12 31 12 16
0 13 1 13 64
0 13 0 14 64
0 13 0 12 64
0 13 0 13 64
1 13 2 13 32
1 13 0 13 64
1 13 1 14 64
1 13 1 12 64
1 13 1 13 64
2 13 3 13 32
2 13 1 13 32
2 13 2 14 32
2 13 2 12 32
2 13 2 13 32
3 13 4 13 16
3 13 2 13 32
3 13 3 14 32
3 13 3 12 32
3 13 3 13 32
4 13 5 13 16
4 13 3 13 16
4 13 4 14 16
4 13 4 12 16
4 13 4 13 16
5 13 6 13 8
5 13 4 13 16
5 13 5 14 16
5 13 5 12 16
5 13 5 13 16
6 13 7 13 8
6 13 5 13 8
6 13 6 14 8
6 13 6 12 8
6 13 6 13 8
7 13 8 13 16
7 13 6 13 8
7 13 7 14 16
7 13 7 12 8
7 13 7 13 16
8 13 9 13 16
8 13 7 13 16
8 13 8 14 16
8 13 8 12 16
8 13 8 13 16
9 13 10 13 32
9 13 8 13 16
9 13 9 14 32
9 13 9 12 16
9 13 9 13 32
10 13 11 13 32
10 13 9 13 32
10 13 10 14 32
10 13 10 12 32
10 13 10 13 32
11 13 12 13 16
11 13 10 13 8
11 13 11 14 16
11 13 11 12 8
11 13 11 13 16
12 13 13 13 16
12 13 11 13 16
12 13 12 12 16
12 13 12 13 16
13 13 14 13 8
13 13 12 13 16
13 13 13 14 16
13 13 13 12 8
13 13 13 13 16
14 13 15 13 8
14 13 13 13 8
14 13 14 14 8
14 13 14 12 8
14 13 14 13 8
15 13 16 13 16
15 13 14 13 8
15 13 15 14 16
15 13 15 12 8
15 13 15 13 16
16 13 17 13 16
16 13 15 13 16
16 13 16 12 16
16 13 16 13 16
17 13 18 13 8
17 13 16 13 16
17 13 17 14 16
17 13 17 12 8
17 13 17 13 16
18 13 19 13 8
18 13 17 13 8
18 13 18 14 8
18 13 18 12 8
18 13 18 13 8
19 13 20 13 8
19 13 18 13 8
19 13 19 14 8
19 13 19 12 8
19 13 19 13 8
20 13 21 13 8
20 13 19 13 8
20 13 20 14 8
20 13 20 12 8
20 13 20 13 8
21 13 22 13 16
21 13 20 13 8
21 13 21 14 8
21 13 21 12 16
21 13 21 13 16
22 13 23 13 16
22 13 21 13 16
22 13 22 14 16
22 13 22 13 16
23 13 24 13 16
23 13 22 13 16
23 13 23 14 16
23 13 23 12 16
23 13 23 13 16
24 13 25 13 16
24 13 23 13 16
24 13 24 14 16
24 13 24 12 16
24 13 24 13 16
25 13 26 13 16
25 13 24 13 16
25 13 25 12 16
25 13 25 13 16
26 13 27 13 16
26 13 25 13 16
26 13 26 14 16
26 13 26 12 16
26 13 26 13 16
27 13 28 13 16
27 13 26 13 16
27 13 27 14 16
27 13 27 12 16
27 13 27 13 16
28 13 27 13 16
28 13 28 12 16
28 13 28 13 16
30 13 31 13 16
30 13 30 14 16
30 13 30 12 16
30 13 30 13 16
31 13 30 13 16
31 13 31 14 16
31 13 31 12 16
31 13 31 13 16
0 14 1 14 64
0 14 0 15 64
0 14 0 13 64
0 14 0 14 64
1 14 2 14 32
1 14 0 14 64
1 14 1 15 64
1 14 1 13 64
1 14 1 14 64
2 14 3 14 32
2 14 1 14 32
2 14 2 15 32
2 14 2 13 32
2 14 2 14 32
3 14 4 14 16
3 14 2 14 32
3 14 3 15 32
3 14 3 13 32
3 14 3 14 32
4 14 5 14 16
4 14 3 14 16
4 14 4 15 16
4 14 4 13 16
4 14 4 14 16
5 14 6 14 16
5 14 4 14 16
5 14 5 15 16
5 14 5 13 16
5 14 5 14 16
6 14 7 14 16
6 14 5 14 16
6 14 6 15 8
6 14 6 13 8
6 14 6 14 16
7 14 8 14 16
7 14 6 14 16
7 14 7 15 16
7 14 7 13 16
7 14 7 14 16
8 14 9 14 32
8 14 7 14 16
8 14 8 15 16
8 14 8 13 16
8 14 8 14 32
9 14 10 14 32
9 14 8 14 32
9 14 9 15 32
9 14 9 13 32
9 14 9 14 32
10 14 11 14 64
10 14 9 14 32
10 14 10 15 32
10 14 10 13 32
10 14 10 14 64
11 14 10 14 64
11 14 11 15 64
11 14 11 13 64
11 14 11 14 64
13 14 14 14 16
13 14 13 15 16
13 14 13 13 16
13 14 13 14 16
14 14 15 14 16
14 14 13 14 16
14 14 14 15 8
14 14 14 13 8
14 14 14 14 16
15 14 14 14 16
15 14 15 15 16
15 14 15 13 16
15 14 15 14 16
17 14 18 14 16
17 14 17 15 16
17 14 17 13 16
17 14 17 14 16
18 14 19 14 8
18 14 17 14 16
18 14 18 15 8
18 14 18 13 8
18 14 18 14 16
19 14 20 14 8
19 14 18 14 8
19 14 19 15 8
19 14 19 13 8
19 14 19 14 8
20 14 21 14 8
20 14 19 14 8
20 14 20 15 8
20 14 20 13 8
20 14 20 14 8
21 14 22 14 8
21 14 20 14 8
21 14 21 15 8
21 14 21 13 8
21 14 21 14 8
22 14 23 14 16
22 14 21 14 8
22 14 22 15 8
22 14 22 13 16
22 14 22 14 16
23 14 24 14 16
23 14 22 14 16
23 14 23 15 8
23 14 23 13 16
23 14 23 14 16
24 14 23 14 16
24 14 24 15 16
24 14 24 13 16
24 14 24 14 16
26 14 27 14 16
26 14 26 15 16
26 14 26 13 16
26 14 26 14 16
27 14 26 14 16
27 14 27 15 16
27 14 27 13 16
27 14 27 14 16
30 14 31 14 16
30 14 30 15 16
30 14 30 13 16
30 14 30 14 16
31 14 30 14 16
31 14 31 13 16
31 14 31 14 16
0 15 1 15 64
0 15 0 16 64
0 15 0 14 64
0 15 0 15 64
1 15 2 15 32
1 15 0 15 64
1 15 1 16 64
1 15 1 14 64
1 15 1 15 64
2 15 3 15 32
2 15 1 15 32
2 15 2 16 32
2 15 2 14 32
2 15 2 15 32
3 15 4 15 16
3 15 2 15 32
3 15 3 16 32
3 15 3 14 32
3 15 3 15 32
4 15 5 15 16
4 15 3 15 16
4 15 4 16 16
4 15 4 14 16
4 15 4 15 16
5 15 6 15 8
5 15 4 15 16
5 15 5 16 16
5 15 5 14 16
5 15 5 15 16
6 15 7 15 8
6 15 5 15 8
6 15 6 16 8
6 15 6 14 8
6 15 6 15 8
7 15 8 15 16
7 15 6 15 8
7 15 7 16 8
7 15 7 14 16
7 15 7 15 16
8 15 9 15 16
8 15 7 15 16
8 15 8 16 16
8 15 8 14 16
8 15 8 15 16
9 15 10 15 32
9 15 8 15 16
9 15 9 16 16
9 15 9 14 32
9 15 9 15 32
10 15 11 15 32
10 15 9 15 32
10 15 10 16 32
10 15 10 14 32
10 15 10 15 32
11 15 12 15 64
11 15 10 15 32
11 15 11 16 32
11 15 11 14 64
11 15 11 15 64
12 15 13 15 16
12 15 11 15 16
12 15 12 16 16
12 15 12 15 16
13 15 14 15 8
13 15 12 15 16
13 15 13 16 8
13 15 13 14 16
13 15 13 15 16
14 15 15 15 8
14 15 13 15 8
14 15 14 16 8
14 15 14 14 8
14 15 14 15 8
15 15 16 15 16
15 15 14 15 8
15 15 15 16 8
15 15 15 14 16
15 15 15 15 16
16 15 17 15 16
16 15 15 15 16
16 15 16 16 16
16 15 16 15 16
17 15 18 15 8
17 15 16 15 16
17 15 17 16 16
17 15 17 14 16
17 15 17 15 16
18 15 19 15 8
18 15 17 15 8
18 15 18 16 8
18 15 18 14 8
18 15 18 15 8
19 15 20 15 8
19 15 18 15 8
19 15 19 16 8
19 15 19 14 8
19 15 19 15 8
20 15 21 15 8
20 15 19 15 8
20 15 20 16 8
20 15 20 14 8
20 15 20 15 8
21 15 22 15 8
21 15 20 15 8
21 15 21 16 8
21 15 21 14 8
21 15 21 15 8
22 15 23 15 8
22 15 21 15 8
22 15 22 16 8
22 15 22 14 8
22 15 22 15 8
23 15 24 15 8
23 15 22 15 8
23 15 23 16 8
23 15 23 14 8
23 15 23 15 8
24 15 25 15 16
24 15 23 15 8
24 15 24 16 8
24 15 24 14 16
24 15 24 15 16
25 15 26 15 16
25 15 24 15 16
25 15 25 16 16
25 15 25 15 16
26 15 27 15 16
26 15 25 15 16
26 15 26 16 16
26 15 26 14 16
26 15 26 15 16
27 15 26 15 16
27 15 27 14 16
27 15 27 15 16
29 15 30 15 16
29 15 29 15 16
30 15 29 15 16
30 15 30 16 16
30 15 30 14 16
30 15 30 15 16
0 16 1 16 64
0 16 0 17 64
0 16 0 15 64
0 16 0 16 64
1 16 2 16 32
1 16 0 16 64
1 16 1 17 64
1 16 1 15 64
1 16 1 16 64
2 16 3 16 32
2 16 1 16 32
2 16 2 17 32
2 16 2 15 32
2 16 2 16 32
3 16 4 16 16
3 16 2 16 32
3 16 3 17 32
3 16 3 15 32
3 16 3 16 32
4 16 5 16 16
4 16 3 16 16
4 16 4 17 16
4 16 4 15 16
4 16 4 16 16
5 16 6 16 8
5 16 4 16 16
5 16 5 17 16
5 16 5 15 16
5 16 5 16 16
6 16 7 16 8
6 16 5 16 8
6 16 6 17 8
6 16 6 15 8
6 16 6 16 8
7 16 8 16 8
7 16 6 16 8
7 16 7 17 8
7 16 7 15 8
7 16 7 16 8
8 16 9 16 16
8 16 7 16 8
8 16 8 17 8
8 16 8 15 16
8 16 8 16 16
9 16 10 16 16
9 16 8 16 16
9 16 9 17 16
9 16 9 15 16
9 16 9 16 16
10 16 11 16 32
10 16 9 16 16
10 16 10 17 16
10 16 10 15 32
10 16 10 16 32
11 16 12 16 32
11 16 10 16 32
11 16 11 17 32
11 16 11 15 32
11 16 11 16 32
12 16 13 16 32
12 16 11 16 32
12 16 12 17 32
12 16 12 15 64
12 16 12 16 64
13 16 14 16 8
13 16 12 16 8
13 16 13 17 8
13 16 13 15 8
13 16 13 16 8
14 16 15 16 8
14 16 13 16 8
14 16 14 17 8
14 16 14 15 8
14 16 14 16 8
15 16 16 16 8
15 16 14 16 8
15 16 15 17 8
15 16 15 15 8
15 16 15 16 8
16 16 17 16 16
16 16 15 16 8
16 16 16 17 16
16 16 16 15 16
16 16 16 16 16
17 16 18 16 8
17 16 16 16 16
17 16 17 17 16
17 16 17 15 16
17 16 17 16 16
18 16 19 16 8
18 16 17 16 8
18 16 18 17 8
18 16 18 15 8
18 16 18 16 8
19 16 20 16 8
19 16 18 16 8
19 16 19 17 8
19 16 19 15 8
19 16 19 16 8
20 16 21 16 8
20 16 19 16 8
20 16 20 17 16
20 16 20 15 8
20 16 20 16 16
21 16 22 16 8
21 16 20 16 8
21 16 21 17 8
21 16 21 15 8
21 16 21 16 8
22 16 23 16 8
22 16 21 16 8
22 16 22 17 8
22 16 22 15 8
22 16 22 16 8
23 16 24 16 8
23 16 22 16 8
23 16 23 17 8
23 16 23 15 8
23 16 23 16 8
24 16 25 16 8
24 16 23 16 8
24 16 24 17 8
24 16 24 15 8
24 16 24 16 8
25 16 26 16 16
25 16 24 16 8
25 16 25 17 16
25 16 25 15 16
25 16 25 16 16
26 16 25 16 16
26 16 26 17 16
26 16 26 15 16
26 16 26 16 16
28 16 28 17 16
28 16 28 16 16
30 16 31 16 16
30 16 30 17 16
30 16 30 15 16
30 16 30 16 16
31 16 30 16 16
31 16 31 17 16
31 16 31 16 16
0 17 1 17 64
0 17 0 18 64
0 17 0 16 64
0 17 0 17 64
1 17 2 17 32
1 17 0 17 64
1 17 1 18 64
1 17 1 16 64
1 17 1 17 64
2 17 3 17 32
2 17 1 17 32
2 17 2 18 32
2 17 2 16 32
2 17 2 17 32
3 17 4 17 16
3 17 2 17 32
3 17 3 18 32
3 17 3 16 32
3 17 3 17 32
4 17 5 17 16
4 17 3 17 16
4 17 4 18 16
4 17 4 16 16
4 17 4 17 16
5 17 6 17 8
5 17 4 17 16
5 17 5 18 16
5 17 5 16 16
5 17 5 17 16
6 17 7 17 8
6 17 5 17 8
6 17 6 18 8
6 17 6 16 8
6 17 6 17 8
7 17 8 17 8
7 17 6 17 8
7 17 7 18 8
7 17 7 16 8
7 17 7 17 8
8 17 9 17 8
8 17 7 17 8
8 17 8 18 8
8 17 8 16 8
8 17 8 17 8
9 17 10 17 16
9 17 8 17 8
9 17 9 18 8
9 17 9 16 16
9 17 9 17 16
10 17 11 17 16
10 17 9 17 16
10 17 10 18 16
10 17 10 16 16
10 17 10 17 16
11 17 12 17 32
11 17 10 17 16
11 17 11 18 16
11 17 11 16 32
11 17 11 17 32
12 17 13 17 32
12 17 11 17 32
12 17 12 18 32
12 17 12 16 32
12 17 12 17 32
13 17 14 17 32
13 17 12 17 32
13 17 13 18 32
13 17 13 16 32
13 17 13 17 32
14 17 15 17 8
14 17 13 17 8
14 17 14 18 8
14 17 14 16 8
14 17 14 17 8
15 17 16 17 8
15 17 14 17 8
15 17 15 18 8
15 17 15 16 8
15 17 15 17 8
16 17 17 17 16
16 17 15 17 8
16 17 16 18 16
16 17 16 16 16
16 17 16 17 16
17 17 18 17 16
17 17 16 17 16
17 17 17 16 16
17 17 17 17 16
18 17 19 17 16
18 17 17 17 16
18 17 18 18 16
18 17 18 16 8
18 17 18 17 16
19 17 20 17 16
19 17 18 17 16
19 17 19 18 16
19 17 19 16 8
19 17 19 17 16
20 17 21 17 16
20 17 19 17 16
20 17 20 16 16
20 17 20 17 16
21 17 22 17 8
21 17 20 17 16
21 17 21 18 16
21 17 21 16 8
21 17 21 17 16
22 17 23 17 8
22 17 21 17 8
22 17 22 18 8
22 17 22 16 8
22 17 22 17 8
23 17 24 17 8
23 17 22 17 8
23 17 23 18 16
23 17 23 16 8
23 17 23 17 16
24 17 25 17 8
24 17 23 17 8
24 17 24 18 8
24 17 24 16 8
24 17 24 17 8
25 17 26 17 16
25 17 24 17 8
25 17 25 18 16
25 17 25 16 16
25 17 25 17 16
26 17 27 17 16
26 17 25 17 16
26 17 26 18 16
26 17 26 16 16
26 17 26 17 16
27 17 28 17 16
27 17 26 17 16
27 17 27 18 16
27 17 27 17 16
28 17 29 17 16
28 17 27 17 16
28 17 28 16 16
28 17 28 17 16
29 17 30 17 16
29 17 28 17 16
29 17 29 18 16
29 17 29 17 16
30 17 31 17 16
30 17 29 17 16
30 17 30 18 16
30 17 30 16 16
30 17 30 17 16
31 17 30 17 16
31 17 31 18 16
31 17 31 16 16
31 17 31 17 16
0 18 1 18 64
0 18 0 19 64
0 18 0 17 64
0 18 0 18 64
1 18 2 18 32
1 18 0 18 64
1 18 1 19 64
1 18 1 17 64
1 18 1 18 64
2 18 3 18 32
2 18 1 18 32
2 18 2 19 32
2 18 2 17 32
2 18 2 18 32
3 18 4 18 16
3 18 2 18 32
3 18 3 19 32
3 18 3 17 32
3 18 3 18 32
4 18 5 18 16
4 18 3 18 16
4 18 4 19 16
4 18 4 17 16
4 18 4 18 16
5 18 6 18 8
5 18 4 18 16
5 18 5 19 16
5 18 5 17 16
5 18 5 18 16
6 18 7 18 8
6 18 5 18 8
6 18 6 19 8
6 18 6 17 8
6 18 6 18 8
7 18 8 18 8
7 18 6 18 8
7 18 7 19 8
7 18 7 17 8
7 18 7 18 8
8 18 9 18 8
8 18 7 18 8
8 18 8 19 4
8 18 8 17 8
8 18 8 18 8
9 18 10 18 8
9 18 8 18 8
9 18 9 19 8
9 18 9 17 8
9 18 9 18 8
10 18 11 18 16
10 18 9 18 8
10 18 10 19 8
10 18 10 17 16
10 18 10 18 16
11 18 12 18 16
11 18 10 18 16
11 18 11 19 16
11 18 11 17 16
11 18 11 18 16
12 18 13 18 32
12 18 11 18 16
12 18 12 19 16
12 18 12 17 32
12 18 12 18 32
13 18 14 18 32
13 18 12 18 32
13 18 13 19 16
13 18 13 17 32
13 18 13 18 32
14 18 15 18 8
14 18 13 18 8
14 18 14 19 8
14 18 14 17 8
14 18 14 18 8
15 18 16 18 16
15 18 14 18 8
15 18 15 19 8
15 18 15 17 8
15 18 15 18 16
16 18 15 18 16
16 18 16 19 16
16 18 16 17 16
16 18 16 18 16
18 18 19 18 16
18 18 18 19 16
18 18 18 17 16
18 18 18 18 16
19 18 18 18 16
19 18 19 19 16
19 18 19 17 16
19 18 19 18 16
21 18 22 18 16
21 18 21 19 16
21 18 21 17 16
21 18 21 18 16
22 18 23 18 16
22 18 21 18 16
22 18 22 19 16
22 18 22 17 8
22 18 22 18 16
23 18 24 18 16
23 18 22 18 16
23 18 23 17 16
23 18 23 18 16
24 18 25 18 16
24 18 23 18 16
24 18 24 19 16
24 18 24 17 8
24 18 24 18 16
25 18 26 18 16
25 18 24 18 16
25 18 25 17 16
25 18 25 18 16
26 18 27 18 16
26 18 25 18 16
26 18 26 17 16
26 18 26 18 16
27 18 26 18 16
27 18 27 19 16
27 18 27 17 16
27 18 27 18 16
29 18 30 18 16
29 18 29 19 16
29 18 29 17 16
29 18 29 18 16
30 18 31 18 16
30 18 29 18 16
30 18 30 19 16
30 18 30 17 16
30 18 30 18 16
31 18 30 18 16
31 18 31 19 16
31 18 31 17 16
31 18 31 18 16
0 19 1 19 64
0 19 0 20 64
0 19 0 18 64
0 19 0 19 64
1 19 2 19 32
1 19 0 19 64
1 19 1 20 64
1 19 1 18 64
1 19 1 19 64
2 19 3 19 32
2 19 1 19 32
2 19 2 20 32
2 19 2 18 32
2 19 2 19 32
3 19 4 19 16
3 19 2 19 32
3 19 3 20 32
3 19 3 18 32
3 19 3 19 32
4 19 5 19 16
4 19 3 19 16
4 19 4 20 16
4 19 4 18 16
4 19 4 19 16
5 19 6 19 8
5 19 4 19 16
5 19 5 20 16
5 19 5 18 16
5 19 5 19 16
6 19 7 19 8
6 19 5 19 8
6 19 6 20 8
6 19 6 18 8
6 19 6 19 8
7 19 8 19 4
7 19 6 19 8
7 19 7 20 8
7 19 7 18 8
7 19 7 19 8
8 19 9 19 4
8 19 7 19 4
8 19 8 20 4
8 19 8 18 4
8 19 8 19 4
9 19 10 19 8
9 19 8 19 4
9 19 9 20 4
9 19 9 18 8
9 19 9 19 8
10 19 11 19 8
10 19 9 19 8
10 19 10 20 8
10 19 10 18 8
10 19 10 19 8
11 19 12 19 16
11 19 10 19 8
11 19 11 20 8
11 19 11 18 16
11 19 11 19 16
12 19 13 19 16
12 19 11 19 16
12 19 12 20 16
12 19 12 18 16
12 19 12 19 16
13 19 14 19 16
13 19 12 19 16
13 19 13 20 16
13 19 13 18 16
13 19 13 19 16
14 19 15 19 8
14 19 13 19 4
14 19 14 20 4
14 19 14 18 8
14 19 14 19 8
15 19 16 19 8
15 19 14 19 8
15 19 15 20 8
15 19 15 18 8
15 19 15 19 8
16 19 17 19 16
16 19 15 19 8
16 19 16 20 8
16 19 16 18 16
16 19 16 19 16
17 19 18 19 16
17 19 16 19 16
17 19 17 20 16
17 19 17 19 16
18 19 19 19 16
18 19 17 19 16
18 19 18 20 8
18 19 18 18 16
18 19 18 19 16
19 19 20 19 16
19 19 18 19 16
19 19 19 20 8
19 19 19 18 16
19 19 19 19 16
20 19 21 19 16
20 19 19 19 16
20 19 20 20 16
20 19 20 19 16
21 19 22 19 16
21 19 20 19 16
21 19 21 20 8
21 19 21 18 16
21 19 21 19 16
22 19 21 19 16
22 19 22 20 16
22 19 22 18 16
22 19 22 19 16
24 19 24 20 16
24 19 24 18 16
24 19 24 19 16
27 19 28 19 16
27 19 27 20 16
27 19 27 18 16
27 19 27 19 16
28 19 29 19 16
28 19 27 19 16
28 19 28 20 16
28 19 28 19 16
29 19 30 19 16
29 19 28 19 16
29 19 29 20 8
29 19 29 18 16
29 19 29 19 16
30 19 31 19 16
30 19 29 19 16
30 19 30 20 16
30 19 30 18 16
30 19 30 19 16
31 19 30 19 16
31 19 31 20 16
31 19 31 18 16
31 19 31 19 16
0 20 1 20 64
0 20 0 21 64
0 20 0 19 64
0 20 0 20 64
1 20 2 20 32
1 20 0 20 64
1 20 1 21 64
1 20 1 19 64
1 20 1 20 64
2 20 3 20 32
2 20 1 20 32
2 20 2 21 32
2 20 2 19 32
2 20 2 20 32
3 20 4 20 16
3 20 2 20 32
3 20 3 21 32
3 20 3 19 32
3 20 3 20 32
4 20 5 20 16
4 20 3 20 16
4 20 4 21 16
4 20 4 19 16
4 20 4 20 16
5 20 6 20 8
5 20 4 20 16
5 20 5 21 16
5 20 5 19 16
5 20 5 20 16
6 20 7 20 8
6 20 5 20 8
6 20 6 21 8
6 20 6 19 8
6 20 6 20 8
7 20 8 20 4
7 20 6 20 8
7 20 7 21 8
7 20 7 19 8
7 20 7 20 8
8 20 9 20 4
8 20 7 20 4
8 20 8 21 4
8 20 8 19 4
8 20 8 20 4
9 20 10 20 4
9 20 8 20 4
9 20 9 21 4
9 20 9 19 4
9 20 9 20 4
10 20 11 20 8
10 20 9 20 4
10 20 10 21 4
10 20 10 19 8
10 20 10 20 8
11 20 12 20 8
11 20 10 20 8
11 20 11 21 8
11 20 11 19 8
11 20 11 20 8
12 20 13 20 16
12 20 11 20 8
12 20 12 21 8
12 20 12 19 16
12 20 12 20 16
13 20 14 20 16
13 20 12 20 16
13 20 13 21 8
13 20 13 19 16
13 20 13 20 16
14 20 15 20 16
14 20 13 20 16
14 20 14 21 16
14 20 14 19 16
14 20 14 20 16
15 20 16 20 8
15 20 14 20 4
15 20 15 21 4
15 20 15 19 8
15 20 15 20 8
16 20 17 20 8
16 20 15 20 8
16 20 16 21 8
16 20 16 19 8
16 20 16 20 8
17 20 18 20 8
17 20 16 20 8
17 20 17 21 8
17 20 17 19 16
17 20 17 20 16
18 20 19 20 8
18 20 17 20 8
18 20 18 21 8
18 20 18 19 8
18 20 18 20 8
19 20 20 20 8
19 20 18 20 8
19 20 19 21 8
19 20 19 19 8
19 20 19 20 8
20 20 21 20 8
20 20 19 20 8
20 20 20 21 8
20 20 20 19 16
20 20 20 20 16
21 20 22 20 8
21 20 20 20 8
21 20 21 21 8
21 20 21 19 8
21 20 21 20 8
22 20 23 20 16
22 20 21 20 8
22 20 22 21 8
22 20 22 19 16
22 20 22 20 16
23 20 24 20 64
23 20 22 20 64
23 20 23 21 64
23 20 23 20 64
24 20 25 20 16
24 20 23 20 16
24 20 24 21 16
24 20 24 19 16
24 20 24 20 16
25 20 26 20 16
25 20 24 20 16
25 20 25 21 16
25 20 25 20 16
26 20 27 20 16
26 20 25 20 16
26 20 26 20 16
27 20 28 20 16
27 20 26 20 16
27 20 27 21 16
27 20 27 19 16
27 20 27 20 16
28 20 29 20 8
28 20 27 20 16
28 20 28 21 16
28 20 28 19 16
28 20 28 20 16
29 20 30 20 8
29 20 28 20 8
29 20 29 21 8
29 20 29 19 8
29 20 29 20 8
30 20 31 20 16
30 20 29 20 8
30 20 30 21 16
30 20 30 19 16
30 20 30 20 16
31 20 30 20 64
31 20 31 21 64
31 20 31 19 64
31 20 31 20 64
0 21 1 21 64
0 21 0 22 64
0 21 0 20 64
0 21 0 21 64
1 21 2 21 32
1 21 0 21 64
1 21 1 22 64
1 21 1 20 64
1 21 1 21 64
2 21 3 21 32
2 21 1 21 32
2 21 2 22 32
2 21 2 20 32
2 21 2 21 32
3 21 4 21 16
3 21 2 21 32
3 21 3 22 32
3 21 3 20 32
3 21 3 21 32
4 21 5 21 16
4 21 3 21 16
4 21 4 22 16
4 21 4 20 16
4 21 4 21 16
5 21 6 21 8
5 21 4 21 16
5 21 5 22 16
5 21 5 20 16
5 21 5 21 16
6 21 7 21 8
6 21 5 21 8
6 21 6 22 8
6 21 6 20 8
6 21 6 21 8
7 21 8 21 4
7 21 6 21 8
7 21 7 22 8
7 21 7 20 8
7 21 7 21 8
8 21 9 21 4
8 21 7 21 4
8 21 8 22 4
8 21 8 20 4
8 21 8 21 4
9 21 10 21 4
9 21 8 21 4
9 21 9 22 4
9 21 9 20 4
9 21 9 21 4
10 21 11 21 4
10 21 9 21 4
10 21 10 22 4
10 21 10 20 4
10 21 10 21 4
11 21 12 21 8
11 21 10 21 4
11 21 11 22 4
11 21 11 20 8
11 21 11 21 8
12 21 13 21 8
12 21 11 21 8
12 21 12 22 8
12 21 12 20 8
12 21 12 21 8
13 21 14 21 8
13 21 12 21 8
13 21 13 22 8
13 21 13 20 8
13 21 13 21 8
14 21 15 21 16
14 21 13 21 8
14 21 14 22 8
14 21 14 20 16
14 21 14 21 16
15 21 16 21 4
15 21 14 21 4
15 21 15 22 4
15 21 15 20 4
15 21 15 21 4
16 21 17 21 8
16 21 15 21 4
16 21 16 22 4
16 21 16 20 8
16 21 16 21 8
17 21 18 21 8
17 21 16 21 8
17 21 17 22 8
17 21 17 20 8
17 21 17 21 8
18 21 19 21 8
18 21 17 21 8
18 21 18 22 4
18 21 18 20 8
18 21 18 21 8
19 21 20 21 8
19 21 18 21 8
19 21 19 22 8
19 21 19 20 8
19 21 19 21 8
20 21 21 21 8
20 21 19 21 8
20 21 20 22 8
20 21 20 20 8
20 21 20 21 8
21 21 22 21 8
21 21 20 21 8
21 21 21 22 8
21 21 21 20 8
21 21 21 21 8
22 21 23 21 8
22 21 21 21 8
22 21 22 22 8
22 21 22 20 8
22 21 22 21 8
23 21 24 21 64
23 21 22 21 32
23 21 23 22 32
23 21 23 20 64
23 21 23 21 64
24 21 25 21 16
24 21 23 21 16
24 21 24 22 8
24 21 24 20 16
24 21 24 21 16
25 21 24 21 16
25 21 25 22 16
25 21 25 20 16
25 21 25 21 16
27 21 28 21 16
27 21 27 22 16
27 21 27 20 16
27 21 27 21 16
28 21 29 21 8
28 21 27 21 16
28 21 28 22 8
28 21 28 20 16
28 21 28 21 16
29 21 30 21 8
29 21 28 21 8
29 21 29 22 8
29 21 29 20 8
29 21 29 21 8
30 21 31 21 16
30 21 29 21 8
30 21 30 22 16
30 21 30 20 16
30 21 30 21 16
31 21 30 21 16
31 21 31 22 16
31 21 31 20 16
31 21 31 21 16
0 22 1 22 64
0 22 0 23 64
0 22 0 21 64
0 22 0 22 64
1 22 2 22 32
1 22 0 22 64
1 22 1 23 64
1 22 1 21 64
1 22 1 22 64
2 22 3 22 32
2 22 1 22 32
2 22 2 23 32
2 22 2 21 32
2 22 2 22 32
3 22 4 22 16
3 22 2 22 32
3 22 3 23 32
3 22 3 21 32
3 22 3 22 32
4 22 5 22 16
4 22 3 22 16
4 22 4 23 16
4 22 4 21 16
4 22 4 22 16
5 22 6 22 8
5 22 4 22 16
5 22 5 23 16
5 22 5 21 16
5 22 5 22 16
6 22 7 22 8
6 22 5 22 8
6 22 6 23 8
6 22 6 21 8
6 22 6 22 8
7 22 8 22 4
7 22 6 22 8
7 22 7 23 8
7 22 7 21 8
7 22 7 22 8
8 22 9 22 4
8 22 7 22 4
8 22 8 23 4
8 22 8 21 4
8 22 8 22 4
9 22 10 22 4
9 22 8 22 4
9 22 9 23 4
9 22 9 21 4
9 22 9 22 4
10 22 11 22 4
10 22 9 22 4
10 22 10 23 4
10 22 10 21 4
10 22 10 22 4
11 22 12 22 4
11 22 10 22 4
11 22 11 23 4
11 22 11 21 4
11 22 11 22 4
12 22 13 22 8
12 22 11 22 4
12 22 12 23 4
12 22 12 21 8
12 22 12 22 8
13 22 14 22 8
13 22 12 22 8
13 22 13 23 4
13 22 13 21 8
13 22 13 22 8
14 22 15 22 8
14 22 13 22 8
14 22 14 23 8
14 22 14 21 8
14 22 14 22 8
15 22 16 22 16
15 22 14 22 8
15 22 15 23 8
15 22 15 21 16
15 22 15 22 16
16 22 17 22 16
16 22 15 22 16
16 22 16 23 16
16 22 16 21 16
16 22 16 22 16
17 22 18 22 16
17 22 16 22 16
17 22 17 23 16
17 22 17 21 32
17 22 17 22 32
18 22 19 22 4
18 22 17 22 4
18 22 18 23 4
18 22 18 21 4
18 22 18 22 4
19 22 20 22 8
19 22 18 22 4
19 22 19 23 8
19 22 19 21 8
19 22 19 22 8
20 22 21 22 8
20 22 19 22 8
20 22 20 23 8
20 22 20 21 8
20 22 20 22 8
21 22 22 22 8
21 22 20 22 8
21 22 21 23 16
21 22 21 21 8
21 22 21 22 16
22 22 23 22 8
22 22 21 22 8
22 22 22 23 8
22 22 22 21 8
22 22 22 22 8
23 22 24 22 32
23 22 22 22 32
23 22 23 23 32
23 22 23 21 32
23 22 23 22 32
24 22 25 22 8
24 22 23 22 8
24 22 24 23 8
24 22 24 21 8
24 22 24 22 8
25 22 26 22 16
25 22 24 22 8
25 22 25 23 8
25 22 25 21 16
25 22 25 22 16
26 22 27 22 16
26 22 25 22 16
26 22 26 23 16
26 22 26 22 16
27 22 28 22 8
27 22 26 22 16
27 22 27 23 8
27 22 27 21 16
27 22 27 22 16
28 22 29 22 8
28 22 27 22 8
28 22 28 23 8
28 22 28 21 8
28 22 28 22 8
29 22 30 22 8
29 22 28 22 8
29 22 29 23 8
29 22 29 21 8
29 22 29 22 8
30 22 31 22 16
30 22 29 22 8
30 22 30 23 16
30 22 30 21 16
30 22 30 22 16
31 22 30 22 64
31 22 31 23 64
31 22 31 21 64
31 22 31 22 64
0 23 1 23 64
0 23 0 24 64
0 23 0 22 64
0 23 0 23 64
1 23 2 23 32
1 23 0 23 64
1 23 1 24 64
1 23 1 22 64
1 23 1 23 64
2 23 3 23 32
2 23 1 23 32
2 23 2 24 32
2 23 2 22 32
2 23 2 23 32
3 23 4 23 16
3 23 2 23 32
3 23 3 24 32
3 23 3 22 32
3 23 3 23 32
4 23 5 23 16
4 23 3 23 16
4 23 4 24 16
4 23 4 22 16
4 23 4 23 16
5 23 6 23 8
5 23 4 23 16
5 23 5 24 16
5 23 5 22 16
5 23 5 23 16
6 23 7 23 8
6 23 5 23 8
6 23 6 24 8
6 23 6 22 8
6 23 6 23 8
7 23 8 23 4
7 23 6 23 8
7 23 7 24 8
7 23 7 22 8
7 23 7 23 8
8 23 9 23 4
8 23 7 23 4
8 23 8 24 4
8 23 8 22 4
8 23 8 23 4
9 23 10 23 4
9 23 8 23 4
9 23 9 24 4
9 23 9 22 4
9 23 9 23 4
10 23 11 23 4
10 23 9 23 4
10 23 10 24 4
10 23 10 22 4
10 23 10 23 4
11 23 12 23 4
11 23 10 23 4
11 23 11 24 4
11 23 11 22 4
11 23 11 23 4
12 23 13 23 4
12 23 11 23 4
12 23 12 24 4
12 23 12 22 4
12 23 12 23 4
13 23 14 23 4
13 23 12 23 4
13 23 13 24 4
13 23 13 22 4
13 23 13 23 4
14 23 15 23 8
14 23 13 23 4
14 23 14 24 8
14 23 14 22 8
14 23 14 23 8
15 23 16 23 8
15 23 14 23 8
15 23 15 24 8
15 23 15 22 8
15 23 15 23 8
16 23 17 23 16
16 23 15 23 8
16 23 16 24 16
16 23 16 22 16
16 23 16 23 16
17 23 18 23 4
17 23 16 23 4
17 23 17 24 4
17 23 17 22 4
17 23 17 23 4
18 23 19 23 8
18 23 17 23 4
18 23 18 24 8
18 23 18 22 4
18 23 18 23 8
19 23 20 23 8
19 23 18 23 8
19 23 19 24 8
19 23 19 22 8
19 23 19 23 8
20 23 21 23 16
20 23 19 23 8
20 23 20 24 16
20 23 20 22 8
20 23 20 23 16
21 23 22 23 16
21 23 20 23 16
21 23 21 22 16
21 23 21 23 16
22 23 23 23 8
22 23 21 23 16
22 23 22 24 16
22 23 22 22 8
22 23 22 23 16
23 23 24 23 32
23 23 22 23 32
23 23 23 24 32
23 23 23 22 32
23 23 23 23 32
24 23 25 23 8
24 23 23 23 8
24 23 24 24 8
24 23 24 22 8
24 23 24 23 8
25 23 26 23 8
25 23 24 23 8
25 23 25 24 8
25 23 25 22 8
25 23 25 23 8
26 23 27 23 8
26 23 25 23 8
26 23 26 24 8
26 23 26 22 16
26 23 26 23 16
27 23 28 23 8
27 23 26 23 8
27 23 27 24 8
27 23 27 22 8
27 23 27 23 8
28 23 29 23 8
28 23 27 23 8
28 23 28 24 8
28 23 28 22 8
28 23 28 23 8
29 23 30 23 8
29 23 28 23 8
29 23 29 24 8
29 23 29 22 8
29 23 29 23 8
30 23 31 23 64
30 23 29 23 32
30 23 30 24 64
30 23 30 22 64
30 23 30 23 64
31 23 30 23 64
31 23 31 24 64
31 23 31 22 64
31 23 31 23 64
0 24 1 24 64
0 24 0 25 64
0 24 0 23 64
0 24 0 24 64
1 24 2 24 32
1 24 0 24 64
1 24 1 25 64
1 24 1 23 64
1 24 1 24 64
2 24 3 24 32
2 24 1 24 32
2 24 2 25 32
2 24 2 23 32
2 24 2 24 32
3 24 4 24 16
3 24 2 24 32
3 24 3 25 32
3 24 3 23 32
3 24 3 24 32
4 24 5 24 16
4 24 3 24 16
4 24 4 25 16
4 24 4 23 16
4 24 4 24 16
5 24 6 24 8
5 24 4 24 16
5 24 5 25 16
5 24 5 23 16
5 24 5 24 16
6 24 7 24 8
6 24 5 24 8
6 24 6 25 8
6 24 6 23 8
6 24 6 24 8
7 24 8 24 8
7 24 6 24 8
7 24 7 25 8
7 24 7 23 8
7 24 7 24 8
8 24 9 24 8
8 24 7 24 8
8 24 8 25 8
8 24 8 23 4
8 24 8 24 8
9 24 10 24 8
9 24 8 24 8
9 24 9 25 8
9 24 9 23 4
9 24 9 24 8
10 24 11 24 8
10 24 9 24 8
10 24 10 25 8
10 24 10 23 4
10 24 10 24 8
11 24 12 24 8
11 24 10 24 8
11 24 11 25 8
11 24 11 23 4
11 24 11 24 8
12 24 13 24 8
12 24 11 24 8
12 24 12 25 8
12 24 12 23 4
12 24 12 24 8
13 24 14 24 8
13 24 12 24 8
13 24 13 25 8
13 24 13 23 4
13 24 13 24 8
14 24 15 24 8
14 24 13 24 8
14 24 14 25 8
14 24 14 23 8
14 24 14 24 8
15 24 16 24 16
15 24 14 24 8
15 24 15 25 8
15 24 15 23 8
15 24 15 24 16
16 24 17 24 16
16 24 15 24 16
16 24 16 25 16
16 24 16 23 16
16 24 16 24 16
17 24 18 24 32
17 24 16 24 16
17 24 17 25 16
17 24 17 23 16
17 24 17 24 32
18 24 19 24 32
18 24 17 24 32
18 24 18 25 32
18 24 18 23 32
18 24 18 24 32
19 24 20 24 16
19 24 18 24 8
19 24 19 25 8
19 24 19 23 8
19 24 19 24 16
20 24 19 24 16
20 24 20 25 16
20 24 20 23 16
20 24 20 24 16
22 24 23 24 16
22 24 22 25 16
22 24 22 23 16
22 24 22 24 16
23 24 24 24 8
23 24 22 24 16
23 24 23 25 8
23 24 23 23 8
23 24 23 24 16
24 24 25 24 8
24 24 23 24 8
24 24 24 25 8
24 24 24 23 8
24 24 24 24 8
25 24 26 24 8
25 24 24 24 8
25 24 25 25 4
25 24 25 23 8
25 24 25 24 8
26 24 27 24 8
26 24 25 24 8
26 24 26 25 8
26 24 26 23 8
26 24 26 24 8
27 24 28 24 8
27 24 26 24 8
27 24 27 25 4
27 24 27 23 8
27 24 27 24 8
28 24 29 24 32
28 24 27 24 32
28 24 28 25 32
28 24 28 23 32
28 24 28 24 32
29 24 30 24 32
29 24 28 24 32
29 24 29 25 32
29 24 29 23 32
29 24 29 24 32
30 24 31 24 64
30 24 29 24 32
30 24 30 25 64
30 24 30 23 64
30 24 30 24 64
31 24 30 24 64
31 24 31 25 64
31 24 31 23 64
31 24 31 24 64
0 25 1 25 64
0 25 0 26 64
0 25 0 24 64
0 25 0 25 64
1 25 2 25 32
1 25 0 25 64
1 25 1 26 64
1 25 1 24 64
1 25 1 25 64
2 25 3 25 32
2 25 1 25 32
2 25 2 26 32
2 25 2 24 32
2 25 2 25 32
3 25 4 25 16
3 25 2 25 32
3 25 3 26 32
3 25 3 24 32
3 25 3 25 32
4 25 5 25 16
4 25 3 25 16
4 25 4 26 16
4 25 4 24 16
4 25 4 25 16
5 25 6 25 8
5 25 4 25 16
5 25 5 26 16
5 25 5 24 16
5 25 5 25 16
6 25 7 25 8
6 25 5 25 8
6 25 6 26 8
6 25 6 24 8
6 25 6 25 8
7 25 8 25 8
7 25 6 25 8
7 25 7 26 8
7 25 7 24 8
7 25 7 25 8
8 25 9 25 8
8 25 7 25 8
8 25 8 26 8
8 25 8 24 8
8 25 8 25 8
9 25 10 25 8
9 25 8 25 8
9 25 9 26 8
9 25 9 24 8
9 25 9 25 8
10 25 11 25 8
10 25 9 25 8
10 25 10 26 8
10 25 10 24 8
10 25 10 25 8
11 25 12 25 8
11 25 10 25 8
11 25 11 26 8
11 25 11 24 8
11 25 11 25 8
12 25 13 25 8
12 25 11 25 8
12 25 12 26 8
12 25 12 24 8
12 25 12 25 8
13 25 14 25 8
13 25 12 25 8
13 25 13 26 8
13 25 13 24 8
13 25 13 25 8
14 25 15 25 8
14 25 13 25 8
14 25 14 26 8
14 25 14 24 8
14 25 14 25 8
15 25 16 25 8
15 25 14 25 8
15 25 15 26 8
15 25 15 24 8
15 25 15 25 8
16 25 17 25 16
16 25 15 25 8
16 25 16 26 16
16 25 16 24 16
16 25 16 25 16
17 25 18 25 16
17 25 16 25 16
17 25 17 26 16
17 25 17 24 16
17 25 17 25 16
18 25 19 25 32
18 25 17 25 16
18 25 18 26 16
18 25 18 24 32
18 25 18 25 32
19 25 20 25 32
19 25 18 25 32
19 25 19 26 32
19 25 19 24 32
19 25 19 25 32
20 25 21 25 64
20 25 19 25 32
20 25 20 26 32
20 25 20 24 64
20 25 20 25 64
21 25 22 25 64
21 25 20 25 64
21 25 21 26 64
21 25 21 25 64
22 25 23 25 32
22 25 21 25 64
22 25 22 26 32
22 25 22 24 64
22 25 22 25 64
23 25 24 25 8
23 25 22 25 8
23 25 23 26 8
23 25 23 24 8
23 25 23 25 8
24 25 25 25 16
24 25 23 25 32
24 25 24 26 16
24 25 24 24 32
24 25 24 25 32
25 25 26 25 16
25 25 24 25 16
25 25 25 26 16
25 25 25 24 16
25 25 25 25 16
26 25 27 25 16
26 25 25 25 16
26 25 26 26 16
26 25 26 24 32
26 25 26 25 32
27 25 28 25 16
27 25 26 25 16
27 25 27 26 16
27 25 27 24 16
27 25 27 25 16
28 25 29 25 32
28 25 27 25 16
28 25 28 26 32
28 25 28 24 32
28 25 28 25 32
29 25 30 25 32
29 25 28 25 32
29 25 29 26 32
29 25 29 24 32
29 25 29 25 32
30 25 31 25 64
30 25 29 25 32
30 25 30 26 64
30 25 30 24 64
30 25 30 25 64
31 25 30 25 64
31 25 31 26 64
31 25 31 24 64
31 25 31 25 64
0 26 1 26 64
0 26 0 27 64
0 26 0 25 64
0 26 0 26 64
1 26 2 26 32
1 26 0 26 64
1 26 1 27 64
1 26 1 25 64
1 26 1 26 64
2 26 3 26 32
2 26 1 26 32
2 26 2 27 32
2 26 2 25 32
2 26 2 26 32
3 26 4 26 16
3 26 2 26 32
3 26 3 27 32
3 26 3 25 32
3 26 3 26 32
4 26 5 26 16
4 26 3 26 16
4 26 4 27 16
4 26 4 25 16
4 26 4 26 16
5 26 6 26 16
5 26 4 26 16
5 26 5 27 16
5 26 5 25 16
5 26 5 26 16
6 26 7 26 16
6 26 5 26 16
6 26 6 27 16
6 26 6 25 8
6 26 6 26 16
7 26 8 26 16
7 26 6 26 16
7 26 7 27 16
7 26 7 25 8
7 26 7 26 16
8 26 9 26 16
8 26 7 26 16
8 26 8 27 16
8 26 8 25 8
8 26 8 26 16
9 26 10 26 16
9 26 8 26 16
9 26 9 27 16
9 26 9 25 8
9 26 9 26 16
10 26 11 26 16
10 26 9 26 16
10 26 10 27 16
10 26 10 25 8
10 26 10 26 16
11 26 12 26 16
11 26 10 26 16
11 26 11 27 16
11 26 11 25 8
11 26 11 26 16
12 26 13 26 16
12 26 11 26 16
12 26 12 27 16
12 26 12 25 8
12 26 12 26 16
13 26 14 26 16
13 26 12 26 16
13 26 13 27 16
13 26 13 25 8
13 26 13 26 16
14 26 15 26 16
14 26 13 26 16
14 26 14 27 16
14 26 14 25 8
14 26 14 26 16
15 26 16 26 16
15 26 14 26 16
15 26 15 27 16
15 26 15 25 8
15 26 15 26 16
16 26 17 26 16
16 26 15 26 16
16 26 16 27 16
16 26 16 25 16
16 26 16 26 16
17 26 18 26 16
17 26 16 26 16
17 26 17 27 16
17 26 17 25 16
17 26 17 26 16
18 26 19 26 16
18 26 17 26 16
18 26 18 27 16
18 26 18 25 16
18 26 18 26 16
19 26 20 26 32
19 26 18 26 16
19 26 19 27 16
19 26 19 25 32
19 26 19 26 32
20 26 21 26 32
20 26 19 26 32
20 26 20 27 32
20 26 20 25 32
20 26 20 26 32
21 26 22 26 32
21 26 20 26 32
21 26 21 27 32
21 26 21 25 64
21 26 21 26 64
22 26 23 26 32
22 26 21 26 32
22 26 22 27 32
22 26 22 25 32
22 26 22 26 32
23 26 24 26 16
23 26 22 26 32
23 26 23 27 16
23 26 23 25 32
23 26 23 26 32
24 26 25 26 16
24 26 23 26 16
24 26 24 27 16
24 26 24 25 16
24 26 24 26 16
25 26 26 26 16
25 26 24 26 16
25 26 25 27 16
25 26 25 25 16
25 26 25 26 16
26 26 27 26 16
26 26 25 26 16
26 26 26 27 16
26 26 26 25 16
26 26 26 26 16
27 26 28 26 16
27 26 26 26 16
27 26 27 27 16
27 26 27 25 16
27 26 27 26 16
28 26 29 26 32
28 26 27 26 16
28 26 28 27 32
28 26 28 25 32
28 26 28 26 32
29 26 30 26 32
29 26 28 26 32
29 26 29 27 32
29 26 29 25 32
29 26 29 26 32
30 26 31 26 64
30 26 29 26 32
30 26 30 27 64
30 26 30 25 64
30 26 30 26 64
31 26 30 26 64
31 26 31 27 64
31 26 31 25 64
31 26 31 26 64
0 27 1 27 64
0 27 0 28 64
0 27 0 26 64
0 27 0 27 64
1 27 2 27 32
1 27 0 27 64
1 27 1 28 64
1 27 1 26 64
1 27 1 27 64
2 27 3 27 32
2 27 1 27 32
2 27 2 28 32
2 27 2 26 32
2 27 2 27 32
3 27 4 27 16
3 27 2 27 32
3 27 3 28 32
3 27 3 26 32
3 27 3 27 32
4 27 5 27 16
4 27 3 27 16
4 27 4 28 16
4 27 4 26 16
4 27 4 27 16
5 27 6 27 16
5 27 4 27 16
5 27 5 28 16
5 27 5 26 16
5 27 5 27 16
6 27 7 27 16
6 27 5 27 16
6 27 6 28 16
6 27 6 26 16
6 27 6 27 16
7 27 8 27 16
7 27 6 27 16
7 27 7 28 16
7 27 7 26 16
7 27 7 27 16
8 27 9 27 16
8 27 7 27 16
8 27 8 28 16
8 27 8 26 16
8 27 8 27 16
9 27 10 27 16
9 27 8 27 16
9 27 9 28 16
9 27 9 26 16
9 27 9 27 16
10 27 11 27 16
10 27 9 27 16
10 27 10 28 16
10 27 10 26 16
10 27 10 27 16
11 27 12 27 16
11 27 10 27 16
11 27 11 28 16
11 27 11 26 16
11 27 11 27 16
12 27 13 27 16
12 27 11 27 16
12 27 12 28 16
12 27 12 26 16
12 27 12 27 16
13 27 14 27 16
13 27 12 27 16
13 27 13 28 16
13 27 13 26 16
13 27 13 27 16
14 27 15 27 16
14 27 13 27 16
14 27 14 28 16
14 27 14 26 16
14 27 14 27 16
15 27 16 27 16
15 27 14 27 16
15 27 15 28 16
15 27 15 26 16
15 27 15 27 16
16 27 17 27 16
16 27 15 27 16
16 27 16 28 16
16 27 16 26 16
16 27 16 27 16
17 27 18 27 16
17 27 16 27 16
17 27 17 28 16
17 27 17 26 16
17 27 17 27 16
18 27 19 27 16
18 27 17 27 16
18 27 18 28 16
18 27 18 26 16
18 27 18 27 16
19 27 20 27 16
19 27 18 27 16
19 27 19 28 16
19 27 19 26 16
19 27 19 27 16
20 27 21 27 32
20 27 19 27 16
20 27 20 28 32
20 27 20 26 32
20 27 20 27 32
21 27 22 27 32
21 27 20 27 32
21 27 21 28 32
21 27 21 26 32
21 27 21 27 32
22 27 23 27 16
22 27 21 27 32
22 27 22 28 32
22 27 22 26 32
22 27 22 27 32
23 27 24 27 16
23 27 22 27 16
23 27 23 28 16
23 27 23 26 16
23 27 23 27 16
24 27 25 27 16
24 27 23 27 16
24 27 24 28 16
24 27 24 26 16
24 27 24 27 16
25 27 26 27 16
25 27 24 27 16
25 27 25 28 16
25 27 25 26 16
25 27 25 27 16
26 27 27 27 16
26 27 25 27 16
26 27 26 28 16
26 27 26 26 16
26 27 26 27 16
27 27 28 27 16
27 27 26 27 16
27 27 27 28 16
27 27 27 26 16
27 27 27 27 16
28 27 29 27 32
28 27 27 27 16
28 27 28 28 32
28 27 28 26 32
28 27 28 27 32
29 27 30 27 32
29 27 28 27 32
29 27 29 28 32
29 27 29 26 32
29 27 29 27 32
30 27 31 27 64
30 27 29 27 32
30 27 30 28 64
30 27 30 26 64
30 27 30 27 64
31 27 30 27 64
31 27 31 28 64
31 27 31 26 64
31 27 31 27 64
0 28 1 28 64
0 28 0 29 64
0 28 0 27 64
0 28 0 28 64
1 28 2 28 32
1 28 0 28 64
1 28 1 29 64
1 28 1 27 64
1 28 1 28 64
2 28 3 28 32
2 28 1 28 32
2 28 2 29 32
2 28 2 27 32
2 28 2 28 32
3 28 4 28 32
3 28 2 28 32
3 28 3 29 32
3 28 3 27 32
3 28 3 28 32
4 28 5 28 32
4 28 3 28 32
4 28 4 29 32
4 28 4 27 16
4 28 4 28 32
5 28 6 28 32
5 28 4 28 32
5 28 5 29 32
5 28 5 27 16
5 28 5 28 32
6 28 7 28 32
6 28 5 28 32
6 28 6 29 32
6 28 6 27 16
6 28 6 28 32
7 28 8 28 32
7 28 6 28 32
7 28 7 29 32
7 28 7 27 16
7 28 7 28 32
8 28 9 28 32
8 28 7 28 32
8 28 8 29 32
8 28 8 27 16
8 28 8 28 32
9 28 10 28 32
9 28 8 28 32
9 28 9 29 32
9 28 9 27 16
9 28 9 28 32
10 28 11 28 32
10 28 9 28 32
10 28 10 29 32
10 28 10 27 16
10 28 10 28 32
11 28 12 28 32
11 28 10 28 32
11 28 11 29 32
11 28 11 27 16
11 28 11 28 32
12 28 13 28 32
12 28 11 28 32
12 28 12 29 32
12 28 12 27 16
12 28 12 28 32
13 28 14 28 32
13 28 12 28 32
13 28 13 29 32
13 28 13 27 16
13 28 13 28 32
14 28 15 28 32
14 28 13 28 32
14 28 14 29 32
14 28 14 27 16
14 28 14 28 32
15 28 16 28 32
15 28 14 28 32
15 28 15 29 32
15 28 15 27 16
15 28 15 28 32
16 28 17 28 32
16 28 15 28 32
16 28 16 29 32
16 28 16 27 16
16 28 16 28 32
17 28 18 28 32
17 28 16 28 32
17 28 17 29 32
17 28 17 27 16
17 28 17 28 32
18 28 19 28 32
18 28 17 28 32
18 28 18 29 32
18 28 18 27 16
18 28 18 28 32
19 28 20 28 32
19 28 18 28 32
19 28 19 29 32
19 28 19 27 16
19 28 19 28 32
20 28 21 28 32
20 28 19 28 32
20 28 20 29 32
20 28 20 27 32
20 28 20 28 32
21 28 22 28 32
21 28 20 28 32
21 28 21 29 32
21 28 21 27 32
21 28 21 28 32
22 28 23 28 32
22 28 21 28 32
22 28 22 29 32
22 28 22 27 32
22 28 22 28 32
23 28 24 28 32
23 28 22 28 32
23 28 23 29 32
23 28 23 27 16
23 28 23 28 32
24 28 25 28 32
24 28 23 28 32
24 28 24 29 32
24 28 24 27 16
24 28 24 28 32
25 28 26 28 32
25 28 24 28 32
25 28 25 29 32
25 28 25 27 16
25 28 25 28 32
26 28 27 28 32
26 28 25 28 32
26 28 26 29 32
26 28 26 27 16
26 28 26 28 32
27 28 28 28 32
27 28 26 28 32
27 28 27 29 32
27 28 27 27 16
27 28 27 28 32
28 28 29 28 32
28 28 27 28 32
28 28 28 29 32
28 28 28 27 32
28 28 28 28 32
29 28 30 28 32
29 28 28 28 32
29 28 29 29 32
29 28 29 27 32
29 28 29 28 32
30 28 31 28 64
30 28 29 28 32
30 28 30 29 64
30 28 30 27 64
30 28 30 28 64
31 28 30 28 64
31 28 31 29 64
31 28 31 27 64
31 28 31 28 64
0 29 1 29 64
0 29 0 30 64
0 29 0 28 64
0 29 0 29 64
1 29 2 29 32
1 29 0 29 64
1 29 1 30 64
1 29 1 28 64
1 29 1 29 64
2 29 3 29 32
2 29 1 29 32
2 29 2 30 32
2 29 2 28 32
2 29 2 29 32
3 29 4 29 32
3 29 2 29 32
3 29 3 30 32
3 29 3 28 32
3 29 3 29 32
4 29 5 29 32
4 29 3 29 32
4 29 4 30 32
4 29 4 28 32
4 29 4 29 32
5 29 6 29 32
5 29 4 29 32
5 29 5 30 32
5 29 5 28 32
5 29 5 29 32
6 29 7 29 32
6 29 5 29 32
6 29 6 30 32
6 29 6 28 32
6 29 6 29 32
7 29 8 29 32
7 29 6 29 32
7 29 7 30 32
7 29 7 28 32
7 29 7 29 32
8 29 9 29 32
8 29 7 29 32
8 29 8 30 32
8 29 8 28 32
8 29 8 29 32
9 29 10 29 32
9 29 8 29 32
9 29 9 30 32
9 29 9 28 32
9 29 9 29 32
10 29 11 29 32
10 29 9 29 32
10 29 10 30 32
10 29 10 28 32
10 29 10 29 32
11 29 12 29 32
11 29 10 29 32
11 29 11 30 32
11 29 11 28 32
11 29 11 29 32
12 29 13 29 32
12 29 11 29 32
12 29 12 30 32
12 29 12 28 32
12 29 12 29 32
13 29 14 29 32
13 29 12 29 32
13 29 13 30 32
13 29 13 28 32
13 29 13 29 32
14 29 15 29 32
14 29 13 29 32
14 29 14 30 32
14 29 14 28 32
14 29 14 29 32
15 29 16 29 32
15 29 14 29 32
15 29 15 30 32
15 29 15 28 32
15 29 15 29 32
16 29 17 29 32
16 29 15 29 32
16 29 16 30 32
16 29 16 28 32
16 29 16 29 32
17 29 18 29 32
17 29 16 29 32
17 29 17 30 32
17 29 17 28 32
17 29 17 29 32
18 29 19 29 32
18 29 17 29 32
18 29 18 30 32
18 29 18 28 32
18 29 18 29 32
19 29 20 29 32
19 29 18 29 32
19 29 19 30 32
19 29 19 28 32
19 29 19 29 32
20 29 21 29 32
20 29 19 29 32
20 29 20 30 32
20 29 20 28 32
20 29 20 29 32
21 29 22 29 32
21 29 20 29 32
21 29 21 30 32
21 29 21 28 32
21 29 21 29 32
22 29 23 29 32
22 29 21 29 32
22 29 22 30 32
22 29 22 28 32
22 29 22 29 32
23 29 24 29 32
23 29 22 29 32
23 29 23 30 32
23 29 23 28 32
23 29 23 29 32
24 29 25 29 32
24 29 23 29 32
24 29 24 30 32
24 29 24 28 32
24 29 24 29 32
25 29 26 29 32
25 29 24 29 32
25 29 25 30 32
25 29 25 28 32
25 29 25 29 32
26 29 27 29 32
26 29 25 29 32
26 29 26 30 32
26 29 26 28 32
26 29 26 29 32
27 29 28 29 32
27 29 26 29 32
27 29 27 30 32
27 29 27 28 32
27 29 27 29 32
28 29 29 29 32
28 29 27 29 32
28 29 28 30 32
28 29 28 28 32
28 29 28 29 32
29 29 30 29 32
29 29 28 29 32
29 29 29 30 32
29 29 29 28 32
29 29 29 29 32
30 29 31 29 64
30 29 29 29 32
30 29 30 30 64
30 29 30 28 64
30 29 30 29 64
31 29 30 29 64
31 29 31 30 64
31 29 31 28 64
31 29 31 29 64
0 30 1 30 64
0 30 0 31 64
0 30 0 29 64
0 30 0 30 64
1 30 2 30 64
1 30 0 30 64
1 30 1 31 64
1 30 1 29 64
1 30 1 30 64
2 30 3 30 64
2 30 1 30 64
2 30 2 31 64
2 30 2 29 32
2 30 2 30 64
3 30 4 30 64
3 30 2 30 64
3 30 3 31 64
3 30 3 29 32
3 30 3 30 64
4 30 5 30 64
4 30 3 30 64
4 30 4 31 64
4 30 4 29 32
4 30 4 30 64
5 30 6 30 64
5 30 4 30 64
5 30 5 31 64
5 30 5 29 32
5 30 5 30 64
6 30 7 30 64
6 30 5 30 64
6 30 6 31 64
6 30 6 29 32
6 30 6 30 64
7 30 8 30 64
7 30 6 30 64
7 30 7 31 64
7 30 7 29 32
7 30 7 30 64
8 30 9 30 64
8 30 7 30 64
8 30 8 31 64
8 30 8 29 32
8 30 8 30 64
9 30 10 30 64
9 30 8 30 64
9 30 9 31 64
9 30 9 29 32
9 30 9 30 64
10 30 11 30 64
10 30 9 30 64
10 30 10 31 64
10 30 10 29 32
10 30 10 30 64
11 30 12 30 64
11 30 10 30 64
11 30 11 31 64
11 30 11 29 32
11 30 11 30 64
12 30 13 30 64
12 30 11 30 64
12 30 12 31 64
12 30 12 29 32
12 30 12 30 64
13 30 14 30 64
13 30 12 30 64
13 30 13 31 64
13 30 13 29 32
13 30 13 30 64
14 30 15 30 64
14 30 13 30 64
14 30 14 31 64
14 30 14 29 32
14 30 14 30 64
15 30 16 30 64
15 30 14 30 64
15 30 15 31 64
15 30 15 29 32
15 30 15 30 64
16 30 17 30 64
16 30 15 30 64
16 30 16 31 64
16 30 16 29 32
16 30 16 30 64
17 30 18 30 64
17 30 16 30 64
17 30 17 31 64
17 30 17 29 32
17 30 17 30 64
18 30 19 30 64
18 30 17 30 64
18 30 18 31 64
18 30 18 29 32
18 30 18 30 64
19 30 20 30 64
19 30 18 30 64
19 30 19 31 64
19 30 19 29 32
19 30 19 30 64
20 30 21 30 64
20 30 19 30 64
20 30 20 31 64
20 30 20 29 32
20 30 20 30 64
21 30 22 30 64
21 30 20 30 64
21 30 21 31 64
21 30 21 29 32
21 30 21 30 64
22 30 23 30 64
22 30 21 30 64
22 30 22 31 64
22 30 22 29 32
22 30 22 30 64
23 30 24 30 64
23 30 22 30 64
23 30 23 31 64
23 30 23 29 32
23 30 23 30 64
24 30 25 30 64
24 30 23 30 64
24 30 24 31 64
24 30 24 29 32
24 30 24 30 64
25 30 26 30 64
25 30 24 30 64
25 30 25 31 64
25 30 25 29 32
25 30 25 30 64
26 30 27 30 64
26 30 25 30 64
26 30 26 31 64
26 30 26 29 32
26 30 26 30 64
27 30 28 30 64
27 30 26 30 64
27 30 27 31 64
27 30 27 29 32
27 30 27 30 64
28 30 29 30 64
28 30 27 30 64
28 30 28 31 64
28 30 28 29 32
28 30 28 30 64
29 30 30 30 64
29 30 28 30 64
29 30 29 31 64
29 30 29 29 32
29 30 29 30 64
30 30 31 30 64
30 30 29 30 64
30 30 30 31 64
30 30 30 29 64
30 30 30 30 64
31 30 30 30 64
31 30 31 31 64
31 30 31 29 64
31 30 31 30 64
0 31 1 31 64
0 31 0 30 64
0 31 0 31 64
1 31 2 31 64
1 31 0 31 64
1 31 1 30 64
1 31 1 31 64
2 31 3 31 64
2 31 1 31 64
2 31 2 30 64
2 31 2 31 64
3 31 4 31 64
3 31 2 31 64
3 31 3 30 64
3 31 3 31 64
4 31 5 31 64
4 31 3 31 64
4 31 4 30 64
4 31 4 31 64
5 31 6 31 64
5 31 4 31 64
5 31 5 30 64
5 31 5 31 64
6 31 7 31 64
6 31 5 31 64
6 31 6 30 64
6 31 6 31 64
7 31 8 31 64
7 31 6 31 64
7 31 7 30 64
7 31 7 31 64
8 31 9 31 64
8 31 7 31 64
8 31 8 30 64
8 31 8 31 64
9 31 10 31 64
9 31 8 31 64
9 31 9 30 64
9 31 9 31 64
10 31 11 31 64
10 31 9 31 64
10 31 10 30 64
10 31 10 31 64
11 31 12 31 64
11 31 10 31 64
11 31 11 30 64
11 31 11 31 64
12 31 13 31 64
12 31 11 31 64
12 31 12 30 64
12 31 12 31 64
13 31 14 31 64
13 31 12 31 64
13 31 13 30 64
13 31 13 31 64
14 31 15 31 64
14 31 13 31 64
14 31 14 30 64
14 31 14 31 64
15 31 16 31 64
15 31 14 31 64
15 31 15 30 64
15 31 15 31 64
16 31 17 31 64
16 31 15 31 64
16 31 16 30 64
16 31 16 31 64
17 31 18 31 64
17 31 16 31 64
17 31 17 30 64
17 31 17 31 64
18 31 19 31 64
18 31 17 31 64
18 31 18 30 64
18 31 18 31 64
19 31 20 31 64
19 31 18 31 64
19 31 19 30 64
19 31 19 31 64
20 31 21 31 64
20 31 19 31 64
20 31 20 30 64
20 31 20 31 64
21 31 22 31 64
21 31 20 31 64
21 31 21 30 64
21 31 21 31 64
22 31 23 31 64
22 31 21 31 64
22 31 22 30 64
22 31 22 31 64
23 31 24 31 64
23 31 22 31 64
23 31 23 30 64
23 31 23 31 64
24 31 25 31 64
24 31 23 31 64
24 31 24 30 64
24 31 24 31 64
25 31 26 31 64
25 31 24 31 64
25 31 25 30 64
25 31 25 31 64
26 31 27 31 64
26 31 25 31 64
26 31 26 30 64
26 31 26 31 64
27 31 28 31 64
27 31 26 31 64
27 31 27 30 64
27 31 27 31 64
28 31 29 31 64
28 31 27 31 64
28 31 28 30 64
28 31 28 31 64
29 31 30 31 64
29 31 28 31 64
29 31 29 30 64
29 31 29 31 64
30 31 31 31 64
30 31 29 31 64
30 31 30 30 64
30 31 30 31 64
31 31 30 31 64
31 31 31 30 64
31 31 31 31 64
